{
    "0": {
        "extrinsic": [
            [
                0.9999999999999999,
                1.806862081839531e-19,
                6.492458992494058e-19,
                0.0
            ],
            [
                -2.529959065270731e-19,
                1.0,
                -5.336393973551495e-17,
                3.375077994860476e-15
            ],
            [
                6.492558649840013e-19,
                1.0737169361384725e-18,
                1.0000000000000002,
                0.0
            ],
            [
                0.0,
                0.0,
                0.0,
                1.0
            ]
        ],
        "K": [
            [
                480.0017864194184,
                0.0,
                640.0
            ],
            [
                0.0,
                480.0017864194184,
                360.0
            ],
            [
                0.0,
                0.0,
                1.0
            ]
        ]
    },
    "1": {
        "extrinsic": [
            [
                0.9999961348567371,
                -0.000549735105416354,
                0.0027254472844646864,
                0.0
            ],
            [
                0.0005439853091542583,
                0.9999976260645628,
                0.0021099633224901057,
                3.375077994860476e-15
            ],
            [
                -0.002726600735338309,
                -0.002108472563896015,
                0.9999940599782969,
                0.0
            ],
            [
                0.0,
                0.0,
                0.0,
                1.0
            ]
        ],
        "K": [
            [
                480.0017864194184,
                0.0,
                640.0
            ],
            [
                0.0,
                480.0017864194184,
                360.0
            ],
            [
                0.0,
                0.0,
                1.0
            ]
        ]
    },
    "2": {
        "extrinsic": [
            [
                0.9999999999999999,
                1.838527485623313e-19,
                -3.100471915387075e-19,
                3.502745240666627e-05
            ],
            [
                -2.529959065270731e-19,
                0.9999805824162229,
                0.006231756615252941,
                -0.0021769826140086933
            ],
            [
                6.492558649840013e-19,
                -0.0062317566152529915,
                0.999980582416223,
                0.010911622605044614
            ],
            [
                0.0,
                0.0,
                0.0,
                1.0
            ]
        ],
        "K": [
            [
                480.0017864194184,
                0.0,
                640.0
            ],
            [
                0.0,
                480.0017864194184,
                360.0
            ],
            [
                0.0,
                0.0,
                1.0
            ]
        ]
    },
    "3": {
        "extrinsic": [
            [
                0.9997992535282645,
                0.003920188557362311,
                -0.01964903982386383,
                0.0003302948091572944
            ],
            [
                -0.0039201885573623115,
                0.9999923152894981,
                3.8517836700162324e-05,
                -0.0324121986586773
            ],
            [
                0.01964903982386384,
                3.8517836700272276e-05,
                0.9998069382387667,
                0.1624664594179194
            ],
            [
                0.0,
                0.0,
                0.0,
                1.0
            ]
        ],
        "K": [
            [
                480.0017864194184,
                0.0,
                640.0
            ],
            [
                0.0,
                480.0017864194184,
                360.0
            ],
            [
                0.0,
                0.0,
                1.0
            ]
        ]
    },
    "4": {
        "extrinsic": [
            [
                0.9998952108809387,
                0.0027833640432425796,
                -0.01420634161091262,
                -0.0011798409033531244
            ],
            [
                -0.0028323799413904256,
                0.9999901017502048,
                -0.0034313299874519972,
                -0.09474846227628593
            ],
            [
                0.01419665035248711,
                0.0034712081784246344,
                0.9998931972128581,
                0.4844583709535982
            ],
            [
                0.0,
                0.0,
                0.0,
                1.0
            ]
        ],
        "K": [
            [
                480.0017864194184,
                0.0,
                640.0
            ],
            [
                0.0,
                480.0017864194184,
                360.0
            ],
            [
                0.0,
                0.0,
                1.0
            ]
        ]
    },
    "5": {
        "extrinsic": [
            [
                0.9998952108809387,
                0.0027833640432425796,
                -0.01420634161091262,
                -0.005996665091424803
            ],
            [
                -0.0028323799413904256,
                0.9999901017502048,
                -0.0034313299874519972,
                -0.18691109644930393
            ],
            [
                0.01419665035248711,
                0.0034712081784246344,
                0.9998931972128581,
                0.9462229174764162
            ],
            [
                0.0,
                0.0,
                0.0,
                1.0
            ]
        ],
        "K": [
            [
                480.0017864194184,
                0.0,
                640.0
            ],
            [
                0.0,
                480.0017864194184,
                360.0
            ],
            [
                0.0,
                0.0,
                1.0
            ]
        ]
    },
    "6": {
        "extrinsic": [
            [
                0.9998952108809387,
                0.0027833640432425796,
                -0.01420634161091262,
                -0.012841128318325446
            ],
            [
                -0.0028323799413904256,
                0.9999901017502048,
                -0.0034313299874519972,
                -0.29841939974770976
            ],
            [
                0.01419665035248711,
                0.0034712081784246344,
                0.9998931972128581,
                1.5051325362719241
            ],
            [
                0.0,
                0.0,
                0.0,
                1.0
            ]
        ],
        "K": [
            [
                480.0017864194184,
                0.0,
                640.0
            ],
            [
                0.0,
                480.0017864194184,
                360.0
            ],
            [
                0.0,
                0.0,
                1.0
            ]
        ]
    },
    "7": {
        "extrinsic": [
            [
                0.9998952108809387,
                0.0027833640432425796,
                -0.01420634161091262,
                -0.021013032291898527
            ],
            [
                -0.0028323799413904256,
                0.9999901017502048,
                -0.0034313299874519972,
                -0.42265014711075743
            ],
            [
                0.01419665035248711,
                0.0034712081784246344,
                0.9998931972128581,
                2.125790567061313
            ],
            [
                0.0,
                0.0,
                0.0,
                1.0
            ]
        ],
        "K": [
            [
                480.0017864194184,
                0.0,
                640.0
            ],
            [
                0.0,
                480.0017864194184,
                360.0
            ],
            [
                0.0,
                0.0,
                1.0
            ]
        ]
    },
    "8": {
        "extrinsic": [
            [
                0.9998952108809387,
                0.0027833640432425796,
                -0.01420634161091262,
                0.007475094480457756
            ],
            [
                -0.0028323799413904256,
                0.9999901017502048,
                -0.0034313299874519972,
                -0.565826309295887
            ],
            [
                0.01419665035248711,
                0.0034712081784246344,
                0.9998931972128581,
                2.7976020035591436
            ],
            [
                0.0,
                0.0,
                0.0,
                1.0
            ]
        ],
        "K": [
            [
                480.0017864194184,
                0.0,
                640.0
            ],
            [
                0.0,
                480.0017864194184,
                360.0
            ],
            [
                0.0,
                0.0,
                1.0
            ]
        ]
    },
    "9": {
        "extrinsic": [
            [
                0.9998952108809387,
                0.0027833640432425796,
                -0.01420634161091262,
                0.1825181863055832
            ],
            [
                -0.0028323799413904256,
                0.9999901017502048,
                -0.0034313299874519972,
                -0.6983094686857604
            ],
            [
                0.01419665035248711,
                0.0034712081784246344,
                0.9998931972128581,
                3.447254376089745
            ],
            [
                0.0,
                0.0,
                0.0,
                1.0
            ]
        ],
        "K": [
            [
                480.0017864194184,
                0.0,
                640.0
            ],
            [
                0.0,
                480.0017864194184,
                360.0
            ],
            [
                0.0,
                0.0,
                1.0
            ]
        ]
    },
    "10": {
        "extrinsic": [
            [
                0.9998270339691334,
                -0.0028030160618702825,
                0.018386006783480045,
                0.4689422800611738
            ],
            [
                0.0036388690108629246,
                0.9989537613841507,
                -0.045586634541049685,
                -0.8138310165352485
            ],
            [
                -0.018238990564366727,
                0.0456456538721304,
                0.9987911761253097,
                4.074913052152079
            ],
            [
                0.0,
                0.0,
                0.0,
                1.0
            ]
        ],
        "K": [
            [
                480.0017864194184,
                0.0,
                640.0
            ],
            [
                0.0,
                480.0017864194184,
                360.0
            ],
            [
                0.0,
                0.0,
                1.0
            ]
        ]
    },
    "11": {
        "extrinsic": [
            [
                0.9876192538997027,
                -0.01006968863143283,
                0.15654651288821586,
                0.8445429036454926
            ],
            [
                0.0306923259287662,
                0.9910541846898372,
                -0.12988296323168977,
                -0.9098827388173509
            ],
            [
                -0.15383819569819693,
                0.13307969183774088,
                0.9790932566230325,
                4.7019311627725875
            ],
            [
                0.0,
                0.0,
                0.0,
                1.0
            ]
        ],
        "K": [
            [
                480.0017864194184,
                0.0,
                640.0
            ],
            [
                0.0,
                480.0017864194184,
                360.0
            ],
            [
                0.0,
                0.0,
                1.0
            ]
        ]
    },
    "12": {
        "extrinsic": [
            [
                0.982646166603868,
                -0.004854374937803099,
                0.18542639052380439,
                1.283485072111364
            ],
            [
                0.03629193416809831,
                0.9853685345192291,
                -0.1665285161579399,
                -0.9994896528338382
            ],
            [
                -0.1819049388363648,
                0.1703680903907479,
                0.9684447877930619,
                5.29227100841581
            ],
            [
                0.0,
                0.0,
                0.0,
                1.0
            ]
        ],
        "K": [
            [
                480.0017864194184,
                0.0,
                640.0
            ],
            [
                0.0,
                480.0017864194184,
                360.0
            ],
            [
                0.0,
                0.0,
                1.0
            ]
        ]
    },
    "13": {
        "extrinsic": [
            [
                0.9988001559191663,
                0.0030779709784971698,
                -0.048875092127839,
                1.793300588821512
            ],
            [
                -0.009581574687221223,
                0.9910164528820129,
                -0.13339634006848305,
                -1.0938355376229396
            ],
            [
                0.04802543037144408,
                0.13370458560501466,
                0.9898568794658293,
                5.847591756729537
            ],
            [
                0.0,
                0.0,
                0.0,
                1.0
            ]
        ],
        "K": [
            [
                480.0017864194184,
                0.0,
                640.0
            ],
            [
                0.0,
                480.0017864194184,
                360.0
            ],
            [
                0.0,
                0.0,
                1.0
            ]
        ]
    },
    "14": {
        "extrinsic": [
            [
                0.9869641548996057,
                0.01043874379034353,
                -0.1606013373897825,
                2.2389330990747456
            ],
            [
                -0.03148867649198051,
                0.9911328146789596,
                -0.12908991796165392,
                -1.2321007158171609
            ],
            [
                0.15782971898882223,
                0.13246424534432946,
                0.9785412630590838,
                6.4283964548798735
            ],
            [
                0.0,
                0.0,
                0.0,
                1.0
            ]
        ],
        "K": [
            [
                480.0017864194184,
                0.0,
                640.0
            ],
            [
                0.0,
                480.0017864194184,
                360.0
            ],
            [
                0.0,
                0.0,
                1.0
            ]
        ]
    },
    "15": {
        "extrinsic": [
            [
                0.9815995295090406,
                0.008034495978805204,
                -0.1907821022580381,
                2.5379439462100666
            ],
            [
                -0.037360459100355146,
                0.9878853272936803,
                -0.15062130066384632,
                -1.3748764617329232
            ],
            [
                0.1872606732964523,
                0.15497750479416253,
                0.9700079449387695,
                7.069041016836309
            ],
            [
                0.0,
                0.0,
                0.0,
                1.0
            ]
        ],
        "K": [
            [
                480.0017864194184,
                0.0,
                640.0
            ],
            [
                0.0,
                480.0017864194184,
                360.0
            ],
            [
                0.0,
                0.0,
                1.0
            ]
        ]
    },
    "16": {
        "extrinsic": [
            [
                0.9815995295090406,
                0.008034495978805204,
                -0.1907821022580381,
                2.839749090662747
            ],
            [
                -0.037360459100355146,
                0.9878853272936803,
                -0.15062130066384632,
                -1.5234623369489464
            ],
            [
                0.1872606732964523,
                0.15497750479416253,
                0.9700079449387695,
                7.7381446083291054
            ],
            [
                0.0,
                0.0,
                0.0,
                1.0
            ]
        ],
        "K": [
            [
                480.0017864194184,
                0.0,
                640.0
            ],
            [
                0.0,
                480.0017864194184,
                360.0
            ],
            [
                0.0,
                0.0,
                1.0
            ]
        ]
    },
    "17": {
        "extrinsic": [
            [
                0.9815995295090406,
                0.008034495978805204,
                -0.1907821022580381,
                3.1815608999716236
            ],
            [
                -0.037360459100355146,
                0.9878853272936803,
                -0.15062130066384632,
                -1.6708060279887478
            ],
            [
                0.1872606732964523,
                0.15497750479416253,
                0.9700079449387695,
                8.395313284160272
            ],
            [
                0.0,
                0.0,
                0.0,
                1.0
            ]
        ],
        "K": [
            [
                480.0017864194184,
                0.0,
                640.0
            ],
            [
                0.0,
                480.0017864194184,
                360.0
            ],
            [
                0.0,
                0.0,
                1.0
            ]
        ]
    },
    "18": {
        "extrinsic": [
            [
                0.9815995295090406,
                0.008034495978805204,
                -0.1907821022580381,
                3.558848859462967
            ],
            [
                -0.037360459100355146,
                0.9878853272936803,
                -0.15062130066384632,
                -1.797658085269616
            ],
            [
                0.1872606732964523,
                0.15497750479416253,
                0.9700079449387695,
                9.063510729677125
            ],
            [
                0.0,
                0.0,
                0.0,
                1.0
            ]
        ],
        "K": [
            [
                480.0017864194184,
                0.0,
                640.0
            ],
            [
                0.0,
                480.0017864194184,
                360.0
            ],
            [
                0.0,
                0.0,
                1.0
            ]
        ]
    },
    "19": {
        "extrinsic": [
            [
                0.9815995295090406,
                0.008034495978805204,
                -0.1907821022580381,
                3.955183683663893
            ],
            [
                -0.037360459100355146,
                0.9878853272936803,
                -0.15062130066384632,
                -1.924664909671337
            ],
            [
                0.1872606732964523,
                0.15497750479416253,
                0.9700079449387695,
                9.724669467221657
            ],
            [
                0.0,
                0.0,
                0.0,
                1.0
            ]
        ],
        "K": [
            [
                480.0017864194184,
                0.0,
                640.0
            ],
            [
                0.0,
                480.0017864194184,
                360.0
            ],
            [
                0.0,
                0.0,
                1.0
            ]
        ]
    },
    "20": {
        "extrinsic": [
            [
                0.9815995295090406,
                0.008034495978805204,
                -0.1907821022580381,
                4.363404655868249
            ],
            [
                -0.037360459100355146,
                0.9878853272936803,
                -0.15062130066384632,
                -2.065106915258189
            ],
            [
                0.1872606732964523,
                0.15497750479416253,
                0.9700079449387695,
                10.375882396445526
            ],
            [
                0.0,
                0.0,
                0.0,
                1.0
            ]
        ],
        "K": [
            [
                480.0017864194184,
                0.0,
                640.0
            ],
            [
                0.0,
                480.0017864194184,
                360.0
            ],
            [
                0.0,
                0.0,
                1.0
            ]
        ]
    },
    "21": {
        "extrinsic": [
            [
                0.9815995295090406,
                0.008034495978805204,
                -0.1907821022580381,
                4.77988360223244
            ],
            [
                -0.037360459100355146,
                0.9878853272936803,
                -0.15062130066384632,
                -2.204429995985612
            ],
            [
                0.1872606732964523,
                0.15497750479416253,
                0.9700079449387695,
                11.022087484258169
            ],
            [
                0.0,
                0.0,
                0.0,
                1.0
            ]
        ],
        "K": [
            [
                480.0017864194184,
                0.0,
                640.0
            ],
            [
                0.0,
                480.0017864194184,
                360.0
            ],
            [
                0.0,
                0.0,
                1.0
            ]
        ]
    },
    "22": {
        "extrinsic": [
            [
                0.9815995295090406,
                0.008034495978805204,
                -0.1907821022580381,
                5.205691082538227
            ],
            [
                -0.037360459100355146,
                0.9878853272936803,
                -0.15062130066384632,
                -2.340921883424979
            ],
            [
                0.1872606732964523,
                0.15497750479416253,
                0.9700079449387695,
                11.670635420381325
            ],
            [
                0.0,
                0.0,
                0.0,
                1.0
            ]
        ],
        "K": [
            [
                480.0017864194184,
                0.0,
                640.0
            ],
            [
                0.0,
                480.0017864194184,
                360.0
            ],
            [
                0.0,
                0.0,
                1.0
            ]
        ]
    },
    "23": {
        "extrinsic": [
            [
                0.9815995295090406,
                0.008034495978805204,
                -0.1907821022580381,
                5.570614609597794
            ],
            [
                -0.037360459100355146,
                0.9878853272936803,
                -0.15062130066384632,
                -2.4962228511675892
            ],
            [
                0.1872606732964523,
                0.15497750479416253,
                0.9700079449387695,
                12.32437332439332
            ],
            [
                0.0,
                0.0,
                0.0,
                1.0
            ]
        ],
        "K": [
            [
                480.0017864194184,
                0.0,
                640.0
            ],
            [
                0.0,
                480.0017864194184,
                360.0
            ],
            [
                0.0,
                0.0,
                1.0
            ]
        ]
    },
    "24": {
        "extrinsic": [
            [
                0.9815995295090406,
                0.008034495978805204,
                -0.1907821022580381,
                5.787137911371952
            ],
            [
                -0.037360459100355146,
                0.9878853272936803,
                -0.15062130066384632,
                -2.661761108959234
            ],
            [
                0.1872606732964523,
                0.15497750479416253,
                0.9700079449387695,
                13.006432286320887
            ],
            [
                0.0,
                0.0,
                0.0,
                1.0
            ]
        ],
        "K": [
            [
                480.0017864194184,
                0.0,
                640.0
            ],
            [
                0.0,
                480.0017864194184,
                360.0
            ],
            [
                0.0,
                0.0,
                1.0
            ]
        ]
    },
    "25": {
        "extrinsic": [
            [
                0.9704028386875554,
                -0.01050802724395007,
                -0.24126315928996422,
                5.901029132424935
            ],
            [
                -0.04724896909182067,
                0.9714825314620973,
                -0.23235581762408145,
                -2.8387429850674017
            ],
            [
                0.23682454599744185,
                0.23687818056426313,
                0.9422329128117264,
                13.727694031753447
            ],
            [
                0.0,
                0.0,
                0.0,
                1.0
            ]
        ],
        "K": [
            [
                480.0017864194184,
                0.0,
                640.0
            ],
            [
                0.0,
                480.0017864194184,
                360.0
            ],
            [
                0.0,
                0.0,
                1.0
            ]
        ]
    },
    "26": {
        "extrinsic": [
            [
                0.9695635615570132,
                -0.01571657653647566,
                -0.2443347894239642,
                5.996375421809728
            ],
            [
                -0.047903992585843616,
                0.9664733161206657,
                -0.25225886846860124,
                -2.989624464122938
            ],
            [
                0.2401076999915148,
                0.25628561888778845,
                0.9363044237618917,
                14.46667036134328
            ],
            [
                0.0,
                0.0,
                0.0,
                1.0
            ]
        ],
        "K": [
            [
                480.0017864194184,
                0.0,
                640.0
            ],
            [
                0.0,
                480.0017864194184,
                360.0
            ],
            [
                0.0,
                0.0,
                1.0
            ]
        ]
    },
    "27": {
        "extrinsic": [
            [
                0.9695635615570132,
                -0.01571657653647566,
                -0.2443347894239642,
                6.07503473425802
            ],
            [
                -0.047903992585843616,
                0.9664733161206657,
                -0.25225886846860124,
                -3.1315430411571104
            ],
            [
                0.2401076999915148,
                0.25628561888778845,
                0.9363044237618917,
                15.199693041562853
            ],
            [
                0.0,
                0.0,
                0.0,
                1.0
            ]
        ],
        "K": [
            [
                480.0017864194184,
                0.0,
                640.0
            ],
            [
                0.0,
                480.0017864194184,
                360.0
            ],
            [
                0.0,
                0.0,
                1.0
            ]
        ]
    },
    "28": {
        "extrinsic": [
            [
                0.9695635615570132,
                -0.01571657653647566,
                -0.2443347894239642,
                6.0752198757618885
            ],
            [
                -0.047903992585843616,
                0.9664733161206657,
                -0.25225886846860124,
                -3.2788640057009633
            ],
            [
                0.2401076999915148,
                0.25628561888778845,
                0.9363044237618917,
                15.940647777735661
            ],
            [
                0.0,
                0.0,
                0.0,
                1.0
            ]
        ],
        "K": [
            [
                480.0017864194184,
                0.0,
                640.0
            ],
            [
                0.0,
                480.0017864194184,
                360.0
            ],
            [
                0.0,
                0.0,
                1.0
            ]
        ]
    },
    "29": {
        "extrinsic": [
            [
                0.9695635615570132,
                -0.01571657653647566,
                -0.2443347894239642,
                6.017413221272614
            ],
            [
                -0.047903992585843616,
                0.9664733161206657,
                -0.25225886846860124,
                -3.4380781848381576
            ],
            [
                0.2401076999915148,
                0.25628561888778845,
                0.9363044237618917,
                16.717833568950027
            ],
            [
                0.0,
                0.0,
                0.0,
                1.0
            ]
        ],
        "K": [
            [
                480.0017864194184,
                0.0,
                640.0
            ],
            [
                0.0,
                480.0017864194184,
                360.0
            ],
            [
                0.0,
                0.0,
                1.0
            ]
        ]
    },
    "30": {
        "extrinsic": [
            [
                0.9695635615570132,
                -0.01571657653647566,
                -0.2443347894239642,
                5.920821924415873
            ],
            [
                -0.047903992585843616,
                0.9664733161206657,
                -0.25225886846860124,
                -3.5949637715933083
            ],
            [
                0.2401076999915148,
                0.25628561888778845,
                0.9363044237618917,
                17.470292562523902
            ],
            [
                0.0,
                0.0,
                0.0,
                1.0
            ]
        ],
        "K": [
            [
                480.0017864194184,
                0.0,
                640.0
            ],
            [
                0.0,
                480.0017864194184,
                360.0
            ],
            [
                0.0,
                0.0,
                1.0
            ]
        ]
    },
    "31": {
        "extrinsic": [
            [
                0.9695635615570132,
                -0.01571657653647566,
                -0.2443347894239642,
                5.801675286162902
            ],
            [
                -0.047903992585843616,
                0.9664733161206657,
                -0.25225886846860124,
                -3.7492107023822387
            ],
            [
                0.2401076999915148,
                0.25628561888778845,
                0.9363044237618917,
                18.201953224195382
            ],
            [
                0.0,
                0.0,
                0.0,
                1.0
            ]
        ],
        "K": [
            [
                480.0017864194184,
                0.0,
                640.0
            ],
            [
                0.0,
                480.0017864194184,
                360.0
            ],
            [
                0.0,
                0.0,
                1.0
            ]
        ]
    }
}