{
    "0": {
        "extrinsic": [
            [
                1.0,
                2.338093778675218e-19,
                6.563004009959326e-17,
                -5.684341886080802e-15
            ],
            [
                -3.2356375740860924e-18,
                0.9999999999999999,
                1.2813992486781706e-17,
                -5.684341886080802e-15
            ],
            [
                -1.7636686747293487e-17,
                -1.9643358304434775e-19,
                1.0,
                0.0
            ],
            [
                0.0,
                0.0,
                0.0,
                1.0
            ]
        ],
        "K": [
            [
                480.0017864194184,
                0.0,
                640.0
            ],
            [
                0.0,
                480.0017864194184,
                360.0
            ],
            [
                0.0,
                0.0,
                1.0
            ]
        ]
    },
    "1": {
        "extrinsic": [
            [
                1.0,
                2.338093778675218e-19,
                6.563004009959326e-17,
                2.909955992436153e-06
            ],
            [
                -3.2356375740860924e-18,
                0.9999999999999999,
                1.2813992486781706e-17,
                0.0018151256411954365
            ],
            [
                -1.7636686747293487e-17,
                -1.9643358304434775e-19,
                1.0,
                0.015204212287835618
            ],
            [
                0.0,
                0.0,
                0.0,
                1.0
            ]
        ],
        "K": [
            [
                480.0017864194184,
                0.0,
                640.0
            ],
            [
                0.0,
                480.0017864194184,
                360.0
            ],
            [
                0.0,
                0.0,
                1.0
            ]
        ]
    },
    "2": {
        "extrinsic": [
            [
                1.0,
                2.338093778675218e-19,
                6.563004009959326e-17,
                7.83688298611196e-06
            ],
            [
                -3.2356375740860924e-18,
                0.9999999999999999,
                1.2813992486781706e-17,
                0.022277987192643425
            ],
            [
                -1.7636686747293487e-17,
                -1.9643358304434775e-19,
                1.0,
                0.18657831543962403
            ],
            [
                0.0,
                0.0,
                0.0,
                1.0
            ]
        ],
        "K": [
            [
                480.0017864194184,
                0.0,
                640.0
            ],
            [
                0.0,
                480.0017864194184,
                360.0
            ],
            [
                0.0,
                0.0,
                1.0
            ]
        ]
    },
    "3": {
        "extrinsic": [
            [
                1.0,
                2.338093778675218e-19,
                6.563004009959326e-17,
                1.499427996236591e-05
            ],
            [
                -3.2356375740860924e-18,
                0.9999999999999999,
                1.2813992486781706e-17,
                0.06374112879315703
            ],
            [
                -1.7636686747293487e-17,
                -1.9643358304434775e-19,
                1.0,
                0.5338351753540337
            ],
            [
                0.0,
                0.0,
                0.0,
                1.0
            ]
        ],
        "K": [
            [
                480.0017864194184,
                0.0,
                640.0
            ],
            [
                0.0,
                480.0017864194184,
                360.0
            ],
            [
                0.0,
                0.0,
                1.0
            ]
        ]
    },
    "4": {
        "extrinsic": [
            [
                1.0,
                2.338093778675218e-19,
                6.563004009959326e-17,
                2.8739563015278693e-05
            ],
            [
                -3.2356375740860924e-18,
                0.9999999999999999,
                1.2813992486781706e-17,
                0.12115911397677337
            ],
            [
                -1.7636686747293487e-17,
                -1.9643358304434775e-19,
                1.0,
                1.0147214902660153
            ],
            [
                0.0,
                0.0,
                0.0,
                1.0
            ]
        ],
        "K": [
            [
                480.0017864194184,
                0.0,
                640.0
            ],
            [
                0.0,
                480.0017864194184,
                360.0
            ],
            [
                0.0,
                0.0,
                1.0
            ]
        ]
    },
    "5": {
        "extrinsic": [
            [
                1.0,
                2.338093778675218e-19,
                6.563004009959326e-17,
                4.610644386957575e-05
            ],
            [
                -3.2356375740860924e-18,
                0.9999999999999999,
                1.2813992486781706e-17,
                0.19002559726272922
            ],
            [
                -1.7636686747293487e-17,
                -1.9643358304434775e-19,
                1.0,
                1.5915061401638013
            ],
            [
                0.0,
                0.0,
                0.0,
                1.0
            ]
        ],
        "K": [
            [
                480.0017864194184,
                0.0,
                640.0
            ],
            [
                0.0,
                480.0017864194184,
                360.0
            ],
            [
                0.0,
                0.0,
                1.0
            ]
        ]
    },
    "6": {
        "extrinsic": [
            [
                1.0,
                2.338093778675218e-19,
                6.563004009959326e-17,
                7.17349627677777e-05
            ],
            [
                -3.2356375740860924e-18,
                0.9999999999999999,
                1.2813992486781706e-17,
                0.2671118093140592
            ],
            [
                -1.7636686747293487e-17,
                -1.9643358304434775e-19,
                1.0,
                2.2371151953733714
            ],
            [
                0.0,
                0.0,
                0.0,
                1.0
            ]
        ],
        "K": [
            [
                480.0017864194184,
                0.0,
                640.0
            ],
            [
                0.0,
                480.0017864194184,
                360.0
            ],
            [
                0.0,
                0.0,
                1.0
            ]
        ]
    },
    "7": {
        "extrinsic": [
            [
                1.0,
                2.338093778675218e-19,
                6.563004009959326e-17,
                9.027010846693884e-05
            ],
            [
                -3.2356375740860924e-18,
                0.9999999999999999,
                1.2813992486781706e-17,
                0.3504204650550435
            ],
            [
                -1.7636686747293487e-17,
                -1.9643358304434775e-19,
                1.0,
                2.9320355588277383
            ],
            [
                0.0,
                0.0,
                0.0,
                1.0
            ]
        ],
        "K": [
            [
                480.0017864194184,
                0.0,
                640.0
            ],
            [
                0.0,
                480.0017864194184,
                360.0
            ],
            [
                0.0,
                0.0,
                1.0
            ]
        ]
    },
    "8": {
        "extrinsic": [
            [
                1.0,
                2.338093778675218e-19,
                6.563004009959326e-17,
                0.00011049243911998019
            ],
            [
                -3.2356375740860924e-18,
                0.9999999999999999,
                1.2813992486781706e-17,
                0.4400422005683311
            ],
            [
                -1.7636686747293487e-17,
                -1.9643358304434775e-19,
                1.0,
                3.66215147827636
            ],
            [
                0.0,
                0.0,
                0.0,
                1.0
            ]
        ],
        "K": [
            [
                480.0017864194184,
                0.0,
                640.0
            ],
            [
                0.0,
                480.0017864194184,
                360.0
            ],
            [
                0.0,
                0.0,
                1.0
            ]
        ]
    },
    "9": {
        "extrinsic": [
            [
                1.0,
                2.338093778675218e-19,
                6.563004009959326e-17,
                0.00013501078701665394
            ],
            [
                -3.2356375740860924e-18,
                0.9999999999999999,
                1.2813992486781706e-17,
                0.532774184673923
            ],
            [
                -1.7636686747293487e-17,
                -1.9643358304434775e-19,
                1.0,
                4.417711099133635
            ],
            [
                0.0,
                0.0,
                0.0,
                1.0
            ]
        ],
        "K": [
            [
                480.0017864194184,
                0.0,
                640.0
            ],
            [
                0.0,
                480.0017864194184,
                360.0
            ],
            [
                0.0,
                0.0,
                1.0
            ]
        ]
    },
    "10": {
        "extrinsic": [
            [
                1.0,
                2.338093778675218e-19,
                6.563004009959326e-17,
                0.00016606617210186415
            ],
            [
                -3.2356375740860924e-18,
                0.9999999999999999,
                1.2813992486781706e-17,
                0.6247883623393989
            ],
            [
                -1.7636686747293487e-17,
                -1.9643358304434775e-19,
                1.0,
                5.190707983925518
            ],
            [
                0.0,
                0.0,
                0.0,
                1.0
            ]
        ],
        "K": [
            [
                480.0017864194184,
                0.0,
                640.0
            ],
            [
                0.0,
                480.0017864194184,
                360.0
            ],
            [
                0.0,
                0.0,
                1.0
            ]
        ]
    },
    "11": {
        "extrinsic": [
            [
                1.0,
                2.338093778675218e-19,
                6.563004009959326e-17,
                0.00019862118120386187
            ],
            [
                -3.2356375740860924e-18,
                0.9999999999999999,
                1.2813992486781706e-17,
                0.7166126353407037
            ],
            [
                -1.7636686747293487e-17,
                -1.9643358304434775e-19,
                1.0,
                5.966571229199985
            ],
            [
                0.0,
                0.0,
                0.0,
                1.0
            ]
        ],
        "K": [
            [
                480.0017864194184,
                0.0,
                640.0
            ],
            [
                0.0,
                480.0017864194184,
                360.0
            ],
            [
                0.0,
                0.0,
                1.0
            ]
        ]
    },
    "12": {
        "extrinsic": [
            [
                1.0,
                2.338093778675218e-19,
                6.563004009959326e-17,
                0.012363511423052387
            ],
            [
                -3.2356375740860924e-18,
                0.9999999999999999,
                1.2813992486781706e-17,
                0.8057547202437946
            ],
            [
                -1.7636686747293487e-17,
                -1.9643358304434775e-19,
                1.0,
                6.7386101136852865
            ],
            [
                0.0,
                0.0,
                0.0,
                1.0
            ]
        ],
        "K": [
            [
                480.0017864194184,
                0.0,
                640.0
            ],
            [
                0.0,
                480.0017864194184,
                360.0
            ],
            [
                0.0,
                0.0,
                1.0
            ]
        ]
    },
    "13": {
        "extrinsic": [
            [
                1.0,
                2.338093778675218e-19,
                6.563004009959326e-17,
                0.1443774711006597
            ],
            [
                -3.2356375740860924e-18,
                0.9999999999999999,
                1.2813992486781706e-17,
                0.8946063916183391
            ],
            [
                -1.7636686747293487e-17,
                -1.9643358304434775e-19,
                1.0,
                7.470966346536557
            ],
            [
                0.0,
                0.0,
                0.0,
                1.0
            ]
        ],
        "K": [
            [
                480.0017864194184,
                0.0,
                640.0
            ],
            [
                0.0,
                480.0017864194184,
                360.0
            ],
            [
                0.0,
                0.0,
                1.0
            ]
        ]
    },
    "14": {
        "extrinsic": [
            [
                1.0,
                2.338093778675218e-19,
                6.563004009959326e-17,
                0.26868532978057263
            ],
            [
                -3.2356375740860924e-18,
                0.9999999999999999,
                1.2813992486781706e-17,
                0.9857630452422086
            ],
            [
                -1.7636686747293487e-17,
                -1.9643358304434775e-19,
                1.0,
                8.215860545645228
            ],
            [
                0.0,
                0.0,
                0.0,
                1.0
            ]
        ],
        "K": [
            [
                480.0017864194184,
                0.0,
                640.0
            ],
            [
                0.0,
                480.0017864194184,
                360.0
            ],
            [
                0.0,
                0.0,
                1.0
            ]
        ]
    },
    "15": {
        "extrinsic": [
            [
                1.0,
                2.338093778675218e-19,
                6.563004009959326e-17,
                0.357878311241808
            ],
            [
                -3.2356375740860924e-18,
                0.9999999999999999,
                1.2813992486781706e-17,
                1.078810750521933
            ],
            [
                -1.7636686747293487e-17,
                -1.9643358304434775e-19,
                1.0,
                8.981846062075466
            ],
            [
                0.0,
                0.0,
                0.0,
                1.0
            ]
        ],
        "K": [
            [
                480.0017864194184,
                0.0,
                640.0
            ],
            [
                0.0,
                480.0017864194184,
                360.0
            ],
            [
                0.0,
                0.0,
                1.0
            ]
        ]
    },
    "16": {
        "extrinsic": [
            [
                1.0,
                2.338093778675218e-19,
                6.563004009959326e-17,
                0.42115901402778494
            ],
            [
                -3.2356375740860924e-18,
                0.9999999999999999,
                1.2813992486781706e-17,
                1.172238197476912
            ],
            [
                -1.7636686747293487e-17,
                -1.9643358304434775e-19,
                1.0,
                9.754882768435847
            ],
            [
                0.0,
                0.0,
                0.0,
                1.0
            ]
        ],
        "K": [
            [
                480.0017864194184,
                0.0,
                640.0
            ],
            [
                0.0,
                480.0017864194184,
                360.0
            ],
            [
                0.0,
                0.0,
                1.0
            ]
        ]
    },
    "17": {
        "extrinsic": [
            [
                1.0,
                2.338093778675218e-19,
                6.563004009959326e-17,
                0.4709766910663518
            ],
            [
                -3.2356375740860924e-18,
                0.9999999999999999,
                1.2813992486781706e-17,
                1.2659371595122424
            ],
            [
                -1.7636686747293487e-17,
                -1.9643358304434775e-19,
                1.0,
                10.527429432815758
            ],
            [
                0.0,
                0.0,
                0.0,
                1.0
            ]
        ],
        "K": [
            [
                480.0017864194184,
                0.0,
                640.0
            ],
            [
                0.0,
                480.0017864194184,
                360.0
            ],
            [
                0.0,
                0.0,
                1.0
            ]
        ]
    },
    "18": {
        "extrinsic": [
            [
                1.0,
                2.338093778675218e-19,
                6.563004009959326e-17,
                0.6275397193808147
            ],
            [
                -3.2356375740860924e-18,
                0.9999999999999999,
                1.2813992486781706e-17,
                1.3701668385891992
            ],
            [
                -1.7636686747293487e-17,
                -1.9643358304434775e-19,
                1.0,
                11.258641327919918
            ],
            [
                0.0,
                0.0,
                0.0,
                1.0
            ]
        ],
        "K": [
            [
                480.0017864194184,
                0.0,
                640.0
            ],
            [
                0.0,
                480.0017864194184,
                360.0
            ],
            [
                0.0,
                0.0,
                1.0
            ]
        ]
    },
    "19": {
        "extrinsic": [
            [
                1.0,
                2.338093778675218e-19,
                6.563004009959326e-17,
                0.7994664637379003
            ],
            [
                -3.2356375740860924e-18,
                0.9999999999999999,
                1.2813992486781706e-17,
                1.4742323718644172
            ],
            [
                -1.7636686747293487e-17,
                -1.9643358304434775e-19,
                1.0,
                11.99001785662797
            ],
            [
                0.0,
                0.0,
                0.0,
                1.0
            ]
        ],
        "K": [
            [
                480.0017864194184,
                0.0,
                640.0
            ],
            [
                0.0,
                480.0017864194184,
                360.0
            ],
            [
                0.0,
                0.0,
                1.0
            ]
        ]
    },
    "20": {
        "extrinsic": [
            [
                0.9997631875928209,
                -0.0026100104644719863,
                -0.021604549974887106,
                0.9228577439796197
            ],
            [
                0.0026700682973408406,
                0.9999926499910087,
                0.0027514903683486655,
                1.5815665685622946
            ],
            [
                0.021597209762596284,
                -0.0028085244052574545,
                0.9997628082305999,
                12.745943104019489
            ],
            [
                0.0,
                0.0,
                0.0,
                1.0
            ]
        ],
        "K": [
            [
                480.0017864194184,
                0.0,
                640.0
            ],
            [
                0.0,
                480.0017864194184,
                360.0
            ],
            [
                0.0,
                0.0,
                1.0
            ]
        ]
    },
    "21": {
        "extrinsic": [
            [
                0.9455761323010169,
                -0.02493347726158406,
                -0.32444429373051975,
                1.0219153321908323
            ],
            [
                0.03992543672475984,
                0.9984163570351096,
                0.039632530919403636,
                1.6787955108075723
            ],
            [
                0.32294231299875664,
                -0.05042915542011741,
                0.9450741572800658,
                13.512482172219462
            ],
            [
                0.0,
                0.0,
                0.0,
                1.0
            ]
        ],
        "K": [
            [
                480.0017864194184,
                0.0,
                640.0
            ],
            [
                0.0,
                480.0017864194184,
                360.0
            ],
            [
                0.0,
                0.0,
                1.0
            ]
        ]
    },
    "22": {
        "extrinsic": [
            [
                0.8249687890664248,
                -0.023401569275093743,
                -0.5646936015413488,
                1.2001110668817434
            ],
            [
                0.06934518782282464,
                0.9957842826927745,
                0.06004087997234429,
                1.7709864806657323
            ],
            [
                0.5609079621400411,
                -0.08869063590649956,
                0.8231137400811669,
                14.25818134262147
            ],
            [
                0.0,
                0.0,
                0.0,
                1.0
            ]
        ],
        "K": [
            [
                480.0017864194184,
                0.0,
                640.0
            ],
            [
                0.0,
                480.0017864194184,
                360.0
            ],
            [
                0.0,
                0.0,
                1.0
            ]
        ]
    },
    "23": {
        "extrinsic": [
            [
                0.7811564062914282,
                -0.016578552294735396,
                -0.6241152301567972,
                1.4006430758414865
            ],
            [
                0.07660353421614265,
                0.9946393893740894,
                0.06945778322934316,
                1.8531295310769396
            ],
            [
                0.619618081930682,
                -0.10206682472453468,
                0.7782389066573283,
                15.008578302990964
            ],
            [
                0.0,
                0.0,
                0.0,
                1.0
            ]
        ],
        "K": [
            [
                480.0017864194184,
                0.0,
                640.0
            ],
            [
                0.0,
                480.0017864194184,
                360.0
            ],
            [
                0.0,
                0.0,
                1.0
            ]
        ]
    },
    "24": {
        "extrinsic": [
            [
                0.7807372285720945,
                -0.01617325996871276,
                -0.6246501465488897,
                1.5756843316156903
            ],
            [
                0.07666784004091594,
                0.9945912199122218,
                0.0700738722847445,
                1.9326954388742708
            ],
            [
                0.620138228320933,
                -0.10259985836005131,
                0.7777543615046282,
                15.765874954409766
            ],
            [
                0.0,
                0.0,
                0.0,
                1.0
            ]
        ],
        "K": [
            [
                480.0017864194184,
                0.0,
                640.0
            ],
            [
                0.0,
                480.0017864194184,
                360.0
            ],
            [
                0.0,
                0.0,
                1.0
            ]
        ]
    },
    "25": {
        "extrinsic": [
            [
                0.7833662107766197,
                -0.01608787057453687,
                -0.6213522030490095,
                1.7247553506642987
            ],
            [
                0.07626305953120223,
                0.9945995688976768,
                0.07039633015644685,
                2.0183655677782837
            ],
            [
                0.6168641062376874,
                -0.10253232645820592,
                0.7803626057587888,
                16.527999803104333
            ],
            [
                0.0,
                0.0,
                0.0,
                1.0
            ]
        ],
        "K": [
            [
                480.0017864194184,
                0.0,
                640.0
            ],
            [
                0.0,
                480.0017864194184,
                360.0
            ],
            [
                0.0,
                0.0,
                1.0
            ]
        ]
    },
    "26": {
        "extrinsic": [
            [
                0.7809768017677537,
                -0.015746493380198727,
                -0.6243615002919686,
                1.8559361231262927
            ],
            [
                0.07663109808175969,
                0.9945447092998301,
                0.07077072848642885,
                2.1266801561283386
            ],
            [
                0.6198410359982586,
                -0.10311580455945375,
                0.7779230173626835,
                17.29063632957399
            ],
            [
                0.0,
                0.0,
                0.0,
                1.0
            ]
        ],
        "K": [
            [
                480.0017864194184,
                0.0,
                640.0
            ],
            [
                0.0,
                480.0017864194184,
                360.0
            ],
            [
                0.0,
                0.0,
                1.0
            ]
        ]
    },
    "27": {
        "extrinsic": [
            [
                0.7779136521176921,
                -0.015180095038062547,
                -0.6281878019856401,
                1.9748512086605616
            ],
            [
                0.07709871201201886,
                0.9944604411964725,
                0.07144382059635988,
                2.2352172128390637
            ],
            [
                0.6236233947303468,
                -0.10400959383610951,
                0.7747747194733741,
                18.055221556488473
            ],
            [
                0.0,
                0.0,
                0.0,
                1.0
            ]
        ],
        "K": [
            [
                480.0017864194184,
                0.0,
                640.0
            ],
            [
                0.0,
                480.0017864194184,
                360.0
            ],
            [
                0.0,
                0.0,
                1.0
            ]
        ]
    },
    "28": {
        "extrinsic": [
            [
                0.7785759070591249,
                -0.014739227591645617,
                -0.6273773283416149,
                2.0838007112520986
            ],
            [
                0.076998009631127,
                0.9944141785712511,
                0.07219243706447573,
                2.3341897211740448
            ],
            [
                0.6228088498567643,
                -0.10451409774028139,
                0.7753618122616235,
                18.822457425332836
            ],
            [
                0.0,
                0.0,
                0.0,
                1.0
            ]
        ],
        "K": [
            [
                480.0017864194184,
                0.0,
                640.0
            ],
            [
                0.0,
                480.0017864194184,
                360.0
            ],
            [
                0.0,
                0.0,
                1.0
            ]
        ]
    },
    "29": {
        "extrinsic": [
            [
                0.7783953779221492,
                -0.014503803412853815,
                -0.6276067839945612,
                2.1853559581484663
            ],
            [
                0.0770254824145282,
                0.9943859082471147,
                0.07255164049399263,
                2.424924503117882
            ],
            [
                0.6230310671934777,
                -0.10481557692500497,
                0.7751425573051931,
                19.59175913437832
            ],
            [
                0.0,
                0.0,
                0.0,
                1.0
            ]
        ],
        "K": [
            [
                480.0017864194184,
                0.0,
                640.0
            ],
            [
                0.0,
                480.0017864194184,
                360.0
            ],
            [
                0.0,
                0.0,
                1.0
            ]
        ]
    },
    "30": {
        "extrinsic": [
            [
                0.726293256213169,
                -0.01851628077801055,
                -0.6871355421788496,
                2.2817455319794475
            ],
            [
                0.08433947539937847,
                0.9944846247719067,
                0.06234728527880918,
                2.507655791349066
            ],
            [
                0.682191291991205,
                -0.10323506399682941,
                0.7238491297866847,
                20.36273303766351
            ],
            [
                0.0,
                0.0,
                0.0,
                1.0
            ]
        ],
        "K": [
            [
                480.0017864194184,
                0.0,
                640.0
            ],
            [
                0.0,
                480.0017864194184,
                360.0
            ],
            [
                0.0,
                0.0,
                1.0
            ]
        ]
    },
    "31": {
        "extrinsic": [
            [
                0.5200112751075959,
                -0.006469367155803316,
                -0.854134896283705,
                2.367517056717543
            ],
            [
                0.10480205099553136,
                0.9928990635366283,
                0.05628480909816094,
                2.5840676877062836
            ],
            [
                0.8477056115586956,
                -0.11878382430571005,
                0.5169967110293913,
                21.135706877358473
            ],
            [
                0.0,
                0.0,
                0.0,
                1.0
            ]
        ],
        "K": [
            [
                480.0017864194184,
                0.0,
                640.0
            ],
            [
                0.0,
                480.0017864194184,
                360.0
            ],
            [
                0.0,
                0.0,
                1.0
            ]
        ]
    },
    "32": {
        "extrinsic": [
            [
                0.13344060048790587,
                -0.0071261672342632296,
                -0.9910311921841695,
                2.4778339061783643
            ],
            [
                0.12159883403376506,
                0.9925363562233763,
                0.009236077979934833,
                2.6644835354641487
            ],
            [
                0.9835686705579106,
                -0.1217407052524828,
                0.1333111810073414,
                21.899592349892533
            ],
            [
                0.0,
                0.0,
                0.0,
                1.0
            ]
        ],
        "K": [
            [
                480.0017864194184,
                0.0,
                640.0
            ],
            [
                0.0,
                480.0017864194184,
                360.0
            ],
            [
                0.0,
                0.0,
                1.0
            ]
        ]
    },
    "33": {
        "extrinsic": [
            [
                0.11222306492838308,
                -0.008574028749401505,
                -0.9936460485148041,
                2.6353338312927406
            ],
            [
                0.12192106192954998,
                0.9925261495828779,
                0.005205482893764931,
                2.7762921724891556
            ],
            [
                0.9861750546206544,
                -0.12173055666179661,
                0.11242968121789888,
                22.656030133031813
            ],
            [
                0.0,
                0.0,
                0.0,
                1.0
            ]
        ],
        "K": [
            [
                480.0017864194184,
                0.0,
                640.0
            ],
            [
                0.0,
                480.0017864194184,
                360.0
            ],
            [
                0.0,
                0.0,
                1.0
            ]
        ]
    },
    "34": {
        "extrinsic": [
            [
                0.11222306492838308,
                -0.008574028749401505,
                -0.9936460485148041,
                2.7754530998851408
            ],
            [
                0.12192106192954998,
                0.9925261495828779,
                0.005205482893764931,
                2.886873838193452
            ],
            [
                0.9861750546206544,
                -0.12173055666179661,
                0.11242968121789888,
                23.416782890721166
            ],
            [
                0.0,
                0.0,
                0.0,
                1.0
            ]
        ],
        "K": [
            [
                480.0017864194184,
                0.0,
                640.0
            ],
            [
                0.0,
                480.0017864194184,
                360.0
            ],
            [
                0.0,
                0.0,
                1.0
            ]
        ]
    },
    "35": {
        "extrinsic": [
            [
                0.11222306492838308,
                -0.008574028749401505,
                -0.9936460485148041,
                2.9052283563540073
            ],
            [
                0.12192106192954998,
                0.9925261495828779,
                0.005205482893764931,
                2.9968917354429836
            ],
            [
                0.9861750546206544,
                -0.12173055666179661,
                0.11242968121789888,
                24.177937591836713
            ],
            [
                0.0,
                0.0,
                0.0,
                1.0
            ]
        ],
        "K": [
            [
                480.0017864194184,
                0.0,
                640.0
            ],
            [
                0.0,
                480.0017864194184,
                360.0
            ],
            [
                0.0,
                0.0,
                1.0
            ]
        ]
    },
    "36": {
        "extrinsic": [
            [
                0.11222306492838308,
                -0.008574028749401505,
                -0.9936460485148041,
                3.1394982417113058
            ],
            [
                0.12192106192954998,
                0.9925261495828779,
                0.005205482893764931,
                3.1058270066428864
            ],
            [
                0.9861750546206544,
                -0.12173055666179661,
                0.11242968121789888,
                24.886534876316787
            ],
            [
                0.0,
                0.0,
                0.0,
                1.0
            ]
        ],
        "K": [
            [
                480.0017864194184,
                0.0,
                640.0
            ],
            [
                0.0,
                480.0017864194184,
                360.0
            ],
            [
                0.0,
                0.0,
                1.0
            ]
        ]
    },
    "37": {
        "extrinsic": [
            [
                0.11222306492838308,
                -0.008574028749401505,
                -0.9936460485148041,
                3.4577426003432095
            ],
            [
                0.12192106192954998,
                0.9925261495828779,
                0.005205482893764931,
                3.2050318121358092
            ],
            [
                0.9861750546206544,
                -0.12173055666179661,
                0.11242968121789888,
                25.556955685387802
            ],
            [
                0.0,
                0.0,
                0.0,
                1.0
            ]
        ],
        "K": [
            [
                480.0017864194184,
                0.0,
                640.0
            ],
            [
                0.0,
                480.0017864194184,
                360.0
            ],
            [
                0.0,
                0.0,
                1.0
            ]
        ]
    },
    "38": {
        "extrinsic": [
            [
                0.10602849497052838,
                -0.009533190696751343,
                -0.9943173922492878,
                3.7221028778561847
            ],
            [
                0.12200450166528636,
                0.9925233973479033,
                0.0034938932984324026,
                3.2975042539998416
            ],
            [
                0.986849968246283,
                -0.12168165018652181,
                0.10639885422407118,
                26.263643252537623
            ],
            [
                0.0,
                0.0,
                0.0,
                1.0
            ]
        ],
        "K": [
            [
                480.0017864194184,
                0.0,
                640.0
            ],
            [
                0.0,
                480.0017864194184,
                360.0
            ],
            [
                0.0,
                0.0,
                1.0
            ]
        ]
    },
    "39": {
        "extrinsic": [
            [
                -0.034028628079191735,
                -0.016863216100291022,
                -0.9992785819849253,
                3.93759288437081
            ],
            [
                0.12262507006712972,
                0.9922325544700666,
                -0.020920087017923365,
                3.3725007989621023
            ],
            [
                0.9918695199783485,
                -0.12324848799300073,
                -0.03169645950827299,
                27.00336809589376
