{
    "0": {
        "extrinsic": [
            [
                1.0,
                2.338093778675218e-19,
                6.563004009959326e-17,
                -2.887645678129047e-15
            ],
            [
                -3.2356375740860924e-18,
                0.9999999999999999,
                1.2813992486781706e-17,
                -2.887645678129047e-15
            ],
            [
                -1.7636686747293487e-17,
                -1.9643358304434775e-19,
                1.0,
                0.0
            ],
            [
                0.0,
                0.0,
                0.0,
                1.0
            ]
        ],
        "K": [
            [
                480.0017864194184,
                0.0,
                640.0
            ],
            [
                0.0,
                480.0017864194184,
                360.0
            ],
            [
                0.0,
                0.0,
                1.0
            ]
        ]
    },
    "1": {
        "extrinsic": [
            [
                1.0,
                2.338093778675218e-19,
                6.563004009959326e-17,
                1.4782576441575657e-06
            ],
            [
                -3.2356375740860924e-18,
                0.9999999999999999,
                1.2813992486781706e-17,
                0.0009220838257272817
            ],
            [
                -1.7636686747293487e-17,
                -1.9643358304434775e-19,
                1.0,
                0.007723739842220493
            ],
            [
                0.0,
                0.0,
                0.0,
                1.0
            ]
        ],
        "K": [
            [
                480.0017864194184,
                0.0,
                640.0
            ],
            [
                0.0,
                480.0017864194184,
                360.0
            ],
            [
                0.0,
                0.0,
                1.0
            ]
        ]
    },
    "2": {
        "extrinsic": [
            [
                1.0,
                2.338093778675218e-19,
                6.563004009959326e-17,
                3.981136556944875e-06
            ],
            [
                -3.2356375740860924e-18,
                0.9999999999999999,
                1.2813992486781706e-17,
                0.011317217493862858
            ],
            [
                -1.7636686747293487e-17,
                -1.9643358304434775e-19,
                1.0,
                0.094781784243329
            ],
            [
                0.0,
                0.0,
                0.0,
                1.0
            ]
        ],
        "K": [
            [
                480.0017864194184,
                0.0,
                640.0
            ],
            [
                0.0,
                480.0017864194184,
                360.0
            ],
            [
                0.0,
                0.0,
                1.0
            ]
        ]
    },
    "3": {
        "extrinsic": [
            [
                1.0,
                2.338093778675218e-19,
                6.563004009959326e-17,
                7.617094220881881e-06
            ],
            [
                -3.2356375740860924e-18,
                0.9999999999999999,
                1.2813992486781706e-17,
                0.03238049342692377
            ],
            [
                -1.7636686747293487e-17,
                -1.9643358304434775e-19,
                1.0,
                0.2711882690798491
            ],
            [
                0.0,
                0.0,
                0.0,
                1.0
            ]
        ],
        "K": [
            [
                480.0017864194184,
                0.0,
                640.0
            ],
            [
                0.0,
                480.0017864194184,
                360.0
            ],
            [
                0.0,
                0.0,
                1.0
            ]
        ]
    },
    "4": {
        "extrinsic": [
            [
                1.0,
                2.338093778675218e-19,
                6.563004009959326e-17,
                1.4599698011761574e-05
            ],
            [
                -3.2356375740860924e-18,
                0.9999999999999999,
                1.2813992486781706e-17,
                0.06154882990020087
            ],
            [
                -1.7636686747293487e-17,
                -1.9643358304434775e-19,
                1.0,
                0.5154785170551357
            ],
            [
                0.0,
                0.0,
                0.0,
                1.0
            ]
        ],
        "K": [
            [
                480.0017864194184,
                0.0,
                640.0
            ],
            [
                0.0,
                480.0017864194184,
                360.0
            ],
            [
                0.0,
                0.0,
                1.0
            ]
        ]
    },
    "5": {
        "extrinsic": [
            [
                1.0,
                2.338093778675218e-19,
                6.563004009959326e-17,
                2.3422073485744474e-05
            ],
            [
                -3.2356375740860924e-18,
                0.9999999999999999,
                1.2813992486781706e-17,
                0.09653300340946644
            ],
            [
                -1.7636686747293487e-17,
                -1.9643358304434775e-19,
                1.0,
                0.8084851192032111
            ],
            [
                0.0,
                0.0,
                0.0,
                1.0
            ]
        ],
        "K": [
            [
                480.0017864194184,
                0.0,
                640.0
            ],
            [
                0.0,
                480.0017864194184,
                360.0
            ],
            [
                0.0,
                0.0,
                1.0
            ]
        ]
    },
    "6": {
        "extrinsic": [
            [
                1.0,
                2.338093778675218e-19,
                6.563004009959326e-17,
                3.644136108603106e-05
            ],
            [
                -3.2356375740860924e-18,
                0.9999999999999999,
                1.2813992486781706e-17,
                0.13569279913154206
            ],
            [
                -1.7636686747293487e-17,
                -1.9643358304434775e-19,
                1.0,
                1.1364545192496727
            ],
            [
                0.0,
                0.0,
                0.0,
                1.0
            ]
        ],
        "K": [
            [
                480.0017864194184,
                0.0,
                640.0
            ],
            [
                0.0,
                480.0017864194184,
                360.0
            ],
            [
                0.0,
                0.0,
                1.0
            ]
        ]
    },
    "7": {
        "extrinsic": [
            [
                1.0,
                2.338093778675218e-19,
                6.563004009959326e-17,
                4.5857215101204926e-05
            ],
            [
                -3.2356375740860924e-18,
                0.9999999999999999,
                1.2813992486781706e-17,
                0.17801359624796206
            ],
            [
                -1.7636686747293487e-17,
                -1.9643358304434775e-19,
                1.0,
                1.4894740638844908
            ],
            [
                0.0,
                0.0,
                0.0,
                1.0
            ]
        ],
        "K": [
            [
                480.0017864194184,
                0.0,
                640.0
            ],
            [
                0.0,
                480.0017864194184,
                360.0
            ],
            [
                0.0,
                0.0,
                1.0
            ]
        ]
    },
    "8": {
        "extrinsic": [
            [
                1.0,
                2.338093778675218e-19,
                6.563004009959326e-17,
                5.6130159072949935e-05
            ],
            [
                -3.2356375740860924e-18,
                0.9999999999999999,
                1.2813992486781706e-17,
                0.22354143788871217
            ],
            [
                -1.7636686747293487e-17,
                -1.9643358304434775e-19,
                1.0,
                1.8603729509643907
            ],
            [
                0.0,
                0.0,
                0.0,
                1.0
            ]
        ],
        "K": [
            [
                480.0017864194184,
                0.0,
                640.0
            ],
            [
                0.0,
                480.0017864194184,
                360.0
            ],
            [
                0.0,
                0.0,
                1.0
            ]
        ]
    },
    "9": {
        "extrinsic": [
            [
                1.0,
                2.338093778675218e-19,
                6.563004009959326e-17,
                6.85854798044602e-05
            ],
            [
                -3.2356375740860924e-18,
                0.9999999999999999,
                1.2813992486781706e-17,
                0.2706492858143528
            ],
            [
                -1.7636686747293487e-17,
                -1.9643358304434775e-19,
                1.0,
                2.2441972383598863
            ],
            [
                0.0,
                0.0,
                0.0,
                1.0
            ]
        ],
        "K": [
            [
                480.0017864194184,
                0.0,
                640.0
            ],
            [
                0.0,
                480.0017864194184,
                360.0
            ],
            [
                0.0,
                0.0,
                1.0
            ]
        ]
    },
    "10": {
        "extrinsic": [
            [
                1.0,
                2.338093778675218e-19,
                6.563004009959326e-17,
                8.436161542774699e-05
            ],
            [
                -3.2356375740860924e-18,
                0.9999999999999999,
                1.2813992486781706e-17,
                0.31739248806841464
            ],
            [
                -1.7636686747293487e-17,
                -1.9643358304434775e-19,
                1.0,
                2.636879655834163
            ],
            [
                0.0,
                0.0,
                0.0,
                1.0
            ]
        ],
        "K": [
            [
                480.0017864194184,
                0.0,
                640.0
            ],
            [
                0.0,
                480.0017864194184,
                360.0
            ],
            [
                0.0,
                0.0,
                1.0
            ]
        ]
    },
    "11": {
        "extrinsic": [
            [
                1.0,
                2.338093778675218e-19,
                6.563004009959326e-17,
                0.00010089956005156182
            ],
            [
                -3.2356375740860924e-18,
                0.9999999999999999,
                1.2813992486781706e-17,
                0.3640392187530775
            ],
            [
                -1.7636686747293487e-17,
                -1.9643358304434775e-19,
                1.0,
                3.0310181844335924
            ],
            [
                0.0,
                0.0,
                0.0,
                1.0
            ]
        ],
        "K": [
            [
                480.0017864194184,
                0.0,
                640.0
            ],
            [
                0.0,
                480.0017864194184,
                360.0
            ],
            [
                0.0,
                0.0,
                1.0
            ]
        ]
    },
    "12": {
        "extrinsic": [
            [
                1.0,
                2.338093778675218e-19,
                6.563004009959326e-17,
                0.006280663802910612
            ],
            [
                -3.2356375740860924e-18,
                0.9999999999999999,
                1.2813992486781706e-17,
                0.4093233978838476
            ],
            [
                -1.7636686747293487e-17,
                -1.9643358304434775e-19,
                1.0,
                3.423213937752125
            ],
            [
                0.0,
                0.0,
                0.0,
                1.0
            ]
        ],
        "K": [
            [
                480.0017864194184,
                0.0,
                640.0
            ],
            [
                0.0,
                480.0017864194184,
                360.0
            ],
            [
                0.0,
                0.0,
                1.0
            ]
        ]
    },
    "13": {
        "extrinsic": [
            [
                1.0,
                2.338093778675218e-19,
                6.563004009959326e-17,
                0.07334375531913513
            ],
            [
                -3.2356375740860924e-18,
                0.9999999999999999,
                1.2813992486781706e-17,
                0.4544600469421162
            ],
            [
                -1.7636686747293487e-17,
                -1.9643358304434775e-19,
                1.0,
                3.7952509040405706
            ],
            [
                0.0,
                0.0,
                0.0,
                1.0
            ]
        ],
        "K": [
            [
                480.0017864194184,
                0.0,
                640.0
            ],
            [
                0.0,
                480.0017864194184,
                360.0
            ],
            [
                0.0,
                0.0,
                1.0
            ]
        ]
    },
    "14": {
        "extrinsic": [
            [
                1.0,
                2.338093778675218e-19,
                6.563004009959326e-17,
                0.13649214752853087
            ],
            [
                -3.2356375740860924e-18,
                0.9999999999999999,
                1.2813992486781706e-17,
                0.5007676269830419
            ],
            [
                -1.7636686747293487e-17,
                -1.9643358304434775e-19,
                1.0,
                4.173657157187775
            ],
            [
                0.0,
                0.0,
                0.0,
                1.0
            ]
        ],
        "K": [
            [
                480.0017864194184,
                0.0,
                640.0
            ],
            [
                0.0,
                480.0017864194184,
                360.0
            ],
            [
                0.0,
                0.0,
                1.0
            ]
        ]
    },
    "15": {
        "extrinsic": [
            [
                1.0,
                2.338093778675218e-19,
                6.563004009959326e-17,
                0.18180218211083846
            ],
            [
                -3.2356375740860924e-18,
                0.9999999999999999,
                1.2813992486781706e-17,
                0.5480358612651419
            ],
            [
                -1.7636686747293487e-17,
                -1.9643358304434775e-19,
                1.0,
                4.562777799534336
            ],
            [
                0.0,
                0.0,
                0.0,
                1.0
            ]
        ],
        "K": [
            [
                480.0017864194184,
                0.0,
                640.0
            ],
            [
                0.0,
                480.0017864194184,
                360.0
            ],
            [
                0.0,
                0.0,
                1.0
            ]
        ]
    },
    "16": {
        "extrinsic": [
            [
                1.0,
                2.338093778675218e-19,
                6.563004009959326e-17,
                0.21394877912611474
            ],
            [
                -3.2356375740860924e-18,
                0.9999999999999999,
                1.2813992486781706e-17,
                0.5954970043182714
            ],
            [
                -1.7636686747293487e-17,
                -1.9643358304434775e-19,
                1.0,
                4.955480446365409
            ],
            [
                0.0,
                0.0,
                0.0,
                1.0
            ]
        ],
        "K": [
            [
                480.0017864194184,
                0.0,
                640.0
            ],
            [
                0.0,
                480.0017864194184,
                360.0
            ],
            [
                0.0,
                0.0,
                1.0
            ]
        ]
    },
    "17": {
        "extrinsic": [
            [
                1.0,
                2.338093778675218e-19,
                6.563004009959326e-17,
                0.23925615906170672
            ],
            [
                -3.2356375740860924e-18,
                0.9999999999999999,
                1.2813992486781706e-17,
                0.643096077032219
            ],
            [
                -1.7636686747293487e-17,
                -1.9643358304434775e-19,
                1.0,
                5.347934151870404
            ],
            [
                0.0,
                0.0,
                0.0,
                1.0
            ]
        ],
        "K": [
            [
                480.0017864194184,
                0.0,
                640.0
            ],
            [
                0.0,
                480.0017864194184,
                360.0
            ],
            [
                0.0,
                0.0,
                1.0
            ]
        ]
    },
    "18": {
        "extrinsic": [
            [
                1.0,
                2.338093778675218e-19,
                6.563004009959326e-17,
                0.3187901774454538
            ],
            [
                -3.2356375740860924e-18,
                0.9999999999999999,
                1.2813992486781706e-17,
                0.6960447540033131
            ],
            [
                -1.7636686747293487e-17,
                -1.9643358304434775e-19,
                1.0,
                5.719389794583318
            ],
            [
                0.0,
                0.0,
                0.0,
                1.0
            ]
        ],
        "K": [
            [
                480.0017864194184,
                0.0,
                640.0
            ],
            [
                0.0,
                480.0017864194184,
                360.0
            ],
            [
                0.0,
                0.0,
                1.0
            ]
        ]
    },
    "19": {
        "extrinsic": [
            [
                1.0,
                2.338093778675218e-19,
                6.563004009959326e-17,
                0.40612896357885336
            ],
            [
                -3.2356375740860924e-18,
                0.9999999999999999,
                1.2813992486781706e-17,
                0.748910044907124
            ],
            [
                -1.7636686747293487e-17,
                -1.9643358304434775e-19,
                1.0,
                6.090929071167008
            ],
            [
                0.0,
                0.0,
                0.0,
                1.0
            ]
        ],
        "K": [
            [
                480.0017864194184,
                0.0,
                640.0
            ],
            [
                0.0,
                480.0017864194184,
                360.0
            ],
            [
                0.0,
                0.0,
                1.0
            ]
        ]
    },
    "20": {
        "extrinsic": [
            [
                0.9997631875928209,
                -0.0026100104644719863,
                -0.021604549974887106,
                0.4688117339416468
            ],
            [
                0.0026700682973408406,
                0.9999926499910087,
                0.0027514903683486655,
                0.8034358168296456
            ],
            [
                0.021597209762596284,
                -0.0028085244052574545,
                0.9997628082305999,
                6.4749390968419
            ],
            [
                0.0,
                0.0,
                0.0,
                1.0
            ]
        ],
        "K": [
            [
                480.0017864194184,
                0.0,
                640.0
            ],
            [
                0.0,
                480.0017864194184,
                360.0
            ],
            [
                0.0,
                0.0,
                1.0
            ]
        ]
    },
    "21": {
        "extrinsic": [
            [
                0.9455761323010169,
                -0.02493347726158406,
                -0.32444429373051975,
                0.5191329887529428
            ],
            [
                0.03992543672475984,
                0.9984163570351096,
                0.039632530919403636,
                0.8528281194902466
            ],
            [
                0.32294231299875664,
                -0.05042915542011741,
                0.9450741572800658,
                6.864340943487486
            ],
            [
                0.0,
                0.0,
                0.0,
                1.0
            ]
        ],
        "K": [
            [
                480.0017864194184,
                0.0,
                640.0
            ],
            [
                0.0,
                480.0017864194184,
                360.0
            ],
            [
                0.0,
                0.0,
                1.0
            ]
        ]
    },
    "22": {
        "extrinsic": [
            [
                0.8249687890664248,
                -0.023401569275093743,
                -0.5646936015413488,
                0.6096564219759255
            ],
            [
                0.06934518782282464,
                0.9957842826927745,
                0.06004087997234429,
                0.8996611321781919
            ],
            [
                0.5609079621400411,
                -0.08869063590649956,
                0.8231137400811669,
                7.2431561220517064
            ],
            [
                0.0,
                0.0,
                0.0,
                1.0
            ]
        ],
        "K": [
            [
                480.0017864194184,
                0.0,
                640.0
            ],
            [
                0.0,
                480.0017864194184,
                360.0
            ],
            [
                0.0,
                0.0,
                1.0
            ]
        ]
    },
    "23": {
        "extrinsic": [
            [
                0.7811564062914282,
                -0.016578552294735396,
                -0.6241152301567972,
                0.7115266825274751
            ],
            [
                0.07660353421614265,
                0.9946393893740894,
                0.06945778322934316,
                0.9413898017870852
            ],
            [
                0.619618081930682,
                -0.10206682472453468,
                0.7782389066573283,
                7.624357777919409
            ],
            [
                0.0,
                0.0,
                0.0,
                1.0
            ]
        ],
        "K": [
            [
                480.0017864194184,
                0.0,
                640.0
            ],
            [
                0.0,
                480.0017864194184,
                360.0
            ],
            [
                0.0,
                0.0,
                1.0
            ]
        ]
    },
    "24": {
        "extrinsic": [
            [
                0.7807372285720945,
                -0.01617325996871276,
                -0.6246501465488897,
                0.8004476404607707
            ],
            [
                0.07666784004091594,
                0.9945912199122218,
                0.0700738722847445,
                0.9818092829481294
            ],
            [
                0.620138228320933,
                -0.10259985836005131,
                0.7777543615046282,
                8.00906447684016
            ],
            [
                0.0,
                0.0,
                0.0,
                1.0
            ]
        ],
        "K": [
            [
                480.0017864194184,
                0.0,
                640.0
            ],
            [
                0.0,
                480.0017864194184,
                360.0
            ],
            [
                0.0,
                0.0,
                1.0
            ]
        ]
    },
    "25": {
        "extrinsic": [
            [
                0.7833662107766197,
                -0.01608787057453687,
                -0.6213522030490095,
                0.8761757181374638
            ],
            [
                0.07626305953120223,
                0.9945995688976768,
                0.07039633015644685,
                1.0253297084313682
            ],
            [
                0.6168641062376874,
                -0.10253232645820592,
                0.7803626057587888,
                8.396223899977
            ],
            [
                0.0,
                0.0,
                0.0,
                1.0
            ]
        ],
        "K": [
            [
                480.0017864194184,
                0.0,
                640.0
            ],
            [
                0.0,
                480.0017864194184,
                360.0
            ],
            [
                0.0,
                0.0,
                1.0
            ]
        ]
    },
    "26": {
        "extrinsic": [
            [
                0.7809768017677537,
                -0.015746493380198727,
                -0.6243615002919686,
                0.9428155505481566
            ],
            [
                0.07663109808175969,
                0.9945447092998301,
                0.07077072848642885,
                1.0803535193131961
            ],
            [
                0.6198410359982586,
                -0.10311580455945375,
                0.7779230173626835,
                8.783643255423586
            ],
            [
                0.0,
                0.0,
                0.0,
                1.0
            ]
        ],
        "K": [
            [
                480.0017864194184,
                0.0,
                640.0
            ],
            [
                0.0,
                480.0017864194184,
                360.0
            ],
            [
                0.0,
                0.0,
                1.0
            ]
        ]
    },
    "27": {
        "extrinsic": [
            [
                0.7779136521176921,
                -0.015180095038062547,
                -0.6281878019856401,
                1.0032244139995652
            ],
            [
                0.07709871201201886,
                0.9944604411964725,
                0.07144382059635988,
                1.1354903441222441
            ],
            [
                0.6236233947303468,
                -0.10400959383610951,
                0.7747747194733741,
                9.172052550696142
            ],
            [
                0.0,
                0.0,
                0.0,
                1.0
            ]
        ],
        "K": [
            [
                480.0017864194184,
                0.0,
                640.0
            ],
            [
                0.0,
                480.0017864194184,
                360.0
            ],
            [
                0.0,
                0.0,
                1.0
            ]
        ]
    },
    "28": {
        "extrinsic": [
            [
                0.7785759070591249,
                -0.014739227591645617,
                -0.6273773283416149,
                1.058570761316066
            ],
            [
                0.076998009631127,
                0.9944141785712511,
                0.07219243706447573,
                1.1857683783564146
            ],
            [
                0.6228088498567643,
                -0.10451409774028139,
                0.7753618122616235,
                9.561808372069079
            ],
            [
                0.0,
                0.0,
                0.0,
                1.0
            ]
        ],
        "K": [
            [
                480.0017864194184,
                0.0,
                640.0
            ],
            [
                0.0,
                480.0017864194184,
                360.0
            ],
            [
                0.0,
                0.0,
                1.0
            ]
        ]
    },
    "29": {
        "extrinsic": [
            [
                0.7783953779221492,
                -0.014503803412853815,
                -0.6276067839945612,
                1.1101608267394207
            ],
            [
                0.0770254824145282,
                0.9943859082471147,
                0.07255164049399263,
                1.2318616475838837
            ],
            [
                0.6230310671934777,
                -0.10481557692500497,
                0.7751425573051931,
                9.952613640264186
            ],
            [
                0.0,
                0.0,
                0.0,
                1.0
            ]
        ],
        "K": [
            [
                480.0017864194184,
                0.0,
                640.0
            ],
            [
                0.0,
                480.0017864194184,
                360.0
            ],
            [
                0.0,
                0.0,
                1.0
            ]
        ]
    },
    "30": {
        "extrinsic": [
            [
                0.726293256213169,
                -0.01851628077801055,
                -0.6871355421788496,
                1.1591267302455592
            ],
            [
                0.08433947539937847,
                0.9944846247719067,
                0.06234728527880918,
                1.2738891420053255
            ],
            [
                0.682191291991205,
                -0.10323506399682941,
                0.7238491297866847,
                10.344268383133063
            ],
            [
                0.0,
                0.0,
                0.0,
                1.0
            ]
        ],
        "K": [
            [
                480.0017864194184,
                0.0,
                640.0
            ],
            [
                0.0,
                480.0017864194184,
                360.0
            ],
            [
                0.0,
                0.0,
                1.0
            ]
        ]
    },
    "31": {
        "extrinsic": [
            [
                0.5200112751075959,
                -0.006469367155803316,
                -0.854134896283705,
                1.2026986648125118
            ],
            [
                0.10480205099553136,
                0.9928990635366283,
                0.05628480909816094,
                1.3127063853547918
            ],
            [
                0.8477056115586956,
                -0.11878382430571005,
                0.5169967110293913,
                10.736939093698103
            ],
            [
                0.0,
                0.0,
                0.0,
                1.0
            ]
        ],
        "K": [
            [
                480.0017864194184,
                0.0,
                640.0
            ],
            [
                0.0,
                480.0017864194184,
                360.0
            ],
            [
                0.0,
                0.0,
                1.0
            ]
        ]
    }
}