{
    "0": {
        "extrinsic": [
            [
                0.9999999999999999,
                1.806862081839531e-19,
                6.492458992494058e-19,
                0.0
            ],
            [
                -2.529959065270731e-19,
                1.0,
                -5.336393973551495e-17,
                1.7145396213891217e-15
            ],
            [
                6.492558649840013e-19,
                1.0737169361384725e-18,
                1.0000000000000002,
                0.0
            ],
            [
                0.0,
                0.0,
                0.0,
                1.0
            ]
        ],
        "K": [
            [
                480.0017864194184,
                0.0,
                640.0
            ],
            [
                0.0,
                480.0017864194184,
                360.0
            ],
            [
                0.0,
                0.0,
                1.0
            ]
        ]
    },
    "1": {
        "extrinsic": [
            [
                0.9999961348567371,
                -0.000549735105416354,
                0.0027254472844646864,
                0.0
            ],
            [
                0.0005439853091542583,
                0.9999976260645628,
                0.0021099633224901057,
                1.7145396213891217e-15
            ],
            [
                -0.002726600735338309,
                -0.002108472563896015,
                0.9999940599782969,
                0.0
            ],
            [
                0.0,
                0.0,
                0.0,
                1.0
            ]
        ],
        "K": [
            [
                480.0017864194184,
                0.0,
                640.0
            ],
            [
                0.0,
                480.0017864194184,
                360.0
            ],
            [
                0.0,
                0.0,
                1.0
            ]
        ]
    },
    "2": {
        "extrinsic": [
            [
                0.9999999999999999,
                1.838527485623313e-19,
                -3.100471915387075e-19,
                1.7793945822586464e-05
            ],
            [
                -2.529959065270731e-19,
                0.9999805824162229,
                0.006231756615252941,
                -0.0011059071679164162
            ],
            [
                6.492558649840013e-19,
                -0.0062317566152529915,
                0.999980582416223,
                0.005543104283362663
            ],
            [
                0.0,
                0.0,
                0.0,
                1.0
            ]
        ],
        "K": [
            [
                480.0017864194184,
                0.0,
                640.0
            ],
            [
                0.0,
                480.0017864194184,
                360.0
            ],
            [
                0.0,
                0.0,
                1.0
            ]
        ]
    },
    "3": {
        "extrinsic": [
            [
                0.9997992535282645,
                0.003920188557362311,
                -0.01964903982386383,
                0.00016778976305190554
            ],
            [
                -0.0039201885573623115,
                0.9999923152894981,
                3.8517836700162324e-05,
                -0.016465396918608072
            ],
            [
                0.01964903982386384,
                3.8517836700272276e-05,
                0.9998069382387667,
                0.08253296138430305
            ],
            [
                0.0,
                0.0,
                0.0,
                1.0
            ]
        ],
        "K": [
            [
                480.0017864194184,
                0.0,
                640.0
            ],
            [
                0.0,
                480.0017864194184,
                360.0
            ],
            [
                0.0,
                0.0,
                1.0
            ]
        ]
    },
    "4": {
        "extrinsic": [
            [
                0.9998952108809387,
                0.0027833640432425796,
                -0.01420634161091262,
                -0.0005993591789033872
            ],
            [
                -0.0028323799413904256,
                0.9999901017502048,
                -0.0034313299874519972,
                -0.04813221883635325
            ],
            [
                0.01419665035248711,
                0.0034712081784246344,
                0.9998931972128581,
                0.24610485244442787
            ],
            [
                0.0,
                0.0,
                0.0,
                1.0
            ]
        ],
        "K": [
            [
                480.0017864194184,
                0.0,
                640.0
            ],
            [
                0.0,
                480.0017864194184,
                360.0
            ],
            [
                0.0,
                0.0,
                1.0
            ]
        ]
    },
    "5": {
        "extrinsic": [
            [
                0.9998952108809387,
                0.0027833640432425796,
                -0.01420634161091262,
                -0.0030463058664437995
            ],
            [
                -0.0028323799413904256,
                0.9999901017502048,
                -0.0034313299874519972,
                -0.09495083699624639
            ],
            [
                0.01419665035248711,
                0.0034712081784246344,
                0.9998931972128581,
                0.4806812420780194
            ],
            [
                0.0,
                0.0,
                0.0,
                1.0
            ]
        ],
        "K": [
            [
                480.0017864194184,
                0.0,
                640.0
            ],
            [
                0.0,
                480.0017864194184,
                360.0
            ],
            [
                0.0,
                0.0,
                1.0
            ]
        ]
    },
    "6": {
        "extrinsic": [
            [
                0.9998952108809387,
                0.0027833640432425796,
                -0.01420634161091262,
                -0.006523293185709326
            ],
            [
                -0.0028323799413904256,
                0.9999901017502048,
                -0.0034313299874519972,
                -0.15159705507183655
            ],
            [
                0.01419665035248711,
                0.0034712081784246344,
                0.9998931972128581,
                0.7646073284261373
            ],
            [
                0.0,
                0.0,
                0.0,
                1.0
            ]
        ],
        "K": [
            [
                480.0017864194184,
                0.0,
                640.0
            ],
            [
                0.0,
                480.0017864194184,
                360.0
            ],
            [
                0.0,
                0.0,
                1.0
            ]
        ]
    },
    "7": {
        "extrinsic": [
            [
                0.9998952108809387,
                0.0027833640432425796,
                -0.01420634161091262,
                -0.01067462040428445
            ],
            [
                -0.0028323799413904256,
                0.9999901017502048,
                -0.0034313299874519972,
                -0.21470627473226475
            ],
            [
                0.01419665035248711,
                0.0034712081784246344,
                0.9998931972128581,
                1.0799016080671469
            ],
            [
                0.0,
                0.0,
                0.0,
                1.0
            ]
        ],
        "K": [
            [
                480.0017864194184,
                0.0,
                640.0
            ],
            [
                0.0,
                480.0017864194184,
                360.0
            ],
            [
                0.0,
                0.0,
                1.0
            ]
        ]
    },
    "8": {
        "extrinsic": [
            [
                0.9998952108809387,
                0.0027833640432425796,
                -0.01420634161091262,
                0.00379734799607254
            ],
            [
                -0.0028323799413904256,
                0.9999901017502048,
                -0.0034313299874519972,
                -0.2874397651223105
            ],
            [
                0.01419665035248711,
                0.0034712081784246344,
                0.9998931972128581,
                1.4211818178080446
            ],
            [
                0.0,
                0.0,
                0.0,
                1.0
            ]
        ],
        "K": [
            [
                480.0017864194184,
                0.0,
                640.0
            ],
            [
                0.0,
                480.0017864194184,
                360.0
            ],
            [
                0.0,
                0.0,
                1.0
            ]
        ]
    },
    "9": {
        "extrinsic": [
            [
                0.9998952108809387,
                0.0027833640432425796,
                -0.01420634161091262,
                0.09271923864323625
            ],
            [
                -0.0028323799413904256,
                0.9999901017502048,
                -0.0034313299874519972,
                -0.3547412100923662
            ],
            [
                0.01419665035248711,
                0.0034712081784246344,
                0.9998931972128581,
                1.7512052230535904
            ],
            [
                0.0,
                0.0,
                0.0,
                1.0
            ]
        ],
        "K": [
            [
                480.0017864194184,
                0.0,
                640.0
            ],
            [
                0.0,
                480.0017864194184,
                360.0
            ],
            [
                0.0,
                0.0,
                1.0
            ]
        ]
    },
    "10": {
        "extrinsic": [
            [
                0.9998270339691334,
                -0.0028030160618702825,
                0.018386006783480045,
                0.23822267827107624
            ],
            [
                0.0036388690108629246,
                0.9989537613841507,
                -0.045586634541049685,
                -0.4134261563999062
            ],
            [
                -0.018238990564366727,
                0.0456456538721304,
                0.9987911761253097,
                2.0700558304932555
            ],
            [
                0.0,
                0.0,
                0.0,
                1.0
            ]
        ],
        "K": [
            [
                480.0017864194184,
                0.0,
                640.0
            ],
            [
                0.0,
                480.0017864194184,
                360.0
            ],
            [
                0.0,
                0.0,
                1.0
            ]
        ]
    },
    "11": {
        "extrinsic": [
            [
                0.9876192538997027,
                -0.01006968863143283,
                0.15654651288821586,
                0.4290277950519102
            ],
            [
                0.0306923259287662,
                0.9910541846898372,
                -0.12988296323168977,
                -0.46222043131921425
            ],
            [
                -0.15383819569819693,
                0.13307969183774088,
                0.9790932566230325,
                2.3885810306884743
            ],
            [
                0.0,
                0.0,
                0.0,
                1.0
            ]
        ],
        "K": [
            [
                480.0017864194184,
                0.0,
                640.0
            ],
            [
                0.0,
                480.0017864194184,
                360.0
            ],
            [
                0.0,
                0.0,
                1.0
            ]
        ]
    },
    "12": {
        "extrinsic": [
            [
                0.982646166603868,
                -0.004854374937803099,
                0.18542639052380439,
                0.6520104166325729
            ],
            [
                0.03629193416809831,
                0.9853685345192291,
                -0.1665285161579399,
                -0.5077407436395898
            ],
            [
                -0.1819049388363648,
                0.1703680903907479,
                0.9684447877930619,
                2.688473672275231
            ],
            [
                0.0,
                0.0,
                0.0,
                1.0
            ]
        ],
        "K": [
            [
                480.0017864194184,
                0.0,
                640.0
            ],
            [
                0.0,
                480.0017864194184,
                360.0
            ],
            [
                0.0,
                0.0,
                1.0
            ]
        ]
    },
    "13": {
        "extrinsic": [
            [
                0.9988001559191663,
                0.0030779709784971698,
                -0.048875092127839,
                0.9109966991213281
            ],
            [
                -0.009581574687221223,
                0.9910164528820129,
                -0.13339634006848305,
                -0.5556684531124533
            ],
            [
                0.04802543037144408,
                0.13370458560501466,
                0.9898568794658293,
                2.9705766124186046
            ],
            [
                0.0,
                0.0,
                0.0,
                1.0
            ]
        ],
        "K": [
            [
                480.0017864194184,
                0.0,
                640.0
            ],
            [
                0.0,
                480.0017864194184,
                360.0
            ],
            [
                0.0,
                0.0,
                1.0
            ]
        ]
    },
    "14": {
        "extrinsic": [
            [
                0.9869641548996057,
                0.01043874379034353,
                -0.1606013373897825,
                1.1373780143299705
            ],
            [
                -0.03148867649198051,
                0.9911328146789596,
                -0.12908991796165392,
                -0.6259071636351177
            ],
            [
                0.15782971898882223,
                0.13246424534432946,
                0.9785412630590838,
                3.2656253990789756
            ],
            [
                0.0,
                0.0,
                0.0,
                1.0
            ]
        ],
        "K": [
            [
                480.0017864194184,
                0.0,
                640.0
            ],
            [
                0.0,
                480.0017864194184,
                360.0
            ],
            [
                0.0,
                0.0,
                1.0
            ]
        ]
    },
    "15": {
        "extrinsic": [
            [
                0.9815995295090406,
                0.008034495978805204,
                -0.1907821022580381,
                1.2892755246747136
            ],
            [
                -0.037360459100355146,
                0.9878853272936803,
                -0.15062130066384632,
                -0.6984372425603249
            ],
            [
                0.1872606732964523,
                0.15497750479416253,
                0.9700079449387695,
                3.591072836552845
            ],
            [
                0.0,
                0.0,
                0.0,
                1.0
            ]
        ],
        "K": [
            [
                480.0017864194184,
                0.0,
                640.0
            ],
            [
                0.0,
                480.0017864194184,
                360.0
            ],
            [
                0.0,
                0.0,
                1.0
            ]
        ]
    },
    "16": {
        "extrinsic": [
            [
                0.9815995295090406,
                0.008034495978805204,
                -0.1907821022580381,
                1.4425925380566753
            ],
            [
                -0.037360459100355146,
                0.9878853272936803,
                -0.15062130066384632,
                -0.7739188671700646
            ],
            [
                0.1872606732964523,
                0.15497750479416253,
                0.9700079449387695,
                3.930977461031185
            ],
            [
                0.0,
                0.0,
                0.0,
                1.0
            ]
        ],
        "K": [
            [
                480.0017864194184,
                0.0,
                640.0
            ],
            [
                0.0,
                480.0017864194184,
                360.0
            ],
            [
                0.0,
                0.0,
                1.0
            ]
        ]
    },
    "17": {
        "extrinsic": [
            [
                0.9815995295090406,
                0.008034495978805204,
                -0.1907821022580381,
                1.6162329371855846
            ],
            [
                -0.037360459100355146,
                0.9878853272936803,
                -0.15062130066384632,
                -0.8487694622182838
            ],
            [
                0.1872606732964523,
                0.15497750479416253,
                0.9700079449387695,
                4.264819148353419
            ],
            [
                0.0,
                0.0,
                0.0,
                1.0
            ]
        ],
        "K": [
            [
                480.0017864194184,
                0.0,
                640.0
            ],
            [
                0.0,
                480.0017864194184,
                360.0
            ],
            [
                0.0,
                0.0,
                1.0
            ]
        ]
    },
    "18": {
        "extrinsic": [
            [
                0.9815995295090406,
                0.008034495978805204,
                -0.1907821022580381,
                1.807895220607187
            ],
            [
                -0.037360459100355146,
                0.9878853272936803,
                -0.15062130066384632,
                -0.9132103073169648
            ],
            [
                0.1872606732964523,
                0.15497750479416253,
                0.9700079449387695,
                4.60426345067598
            ],
            [
                0.0,
                0.0,
                0.0,
                1.0
            ]
        ],
        "K": [
            [
                480.0017864194184,
                0.0,
                640.0
            ],
            [
                0.0,
                480.0017864194184,
                360.0
            ],
            [
                0.0,
                0.0,
                1.0
            ]
        ]
    },
    "19": {
        "extrinsic": [
            [
                0.9815995295090406,
                0.008034495978805204,
                -0.1907821022580381,
                2.0092333113012573
            ],
            [
                -0.037360459100355146,
                0.9878853272936803,
                -0.15062130066384632,
                -0.9777297741130391
            ],
            [
                0.1872606732964523,
                0.15497750479416253,
                0.9700079449387695,
                4.940132089348602
            ],
            [
                0.0,
                0.0,
                0.0,
                1.0
            ]
        ],
        "K": [
            [
                480.0017864194184,
                0.0,
                640.0
            ],
            [
                0.0,
                480.0017864194184,
                360.0
            ],
            [
                0.0,
                0.0,
                1.0
            ]
        ]
    },
    "20": {
        "extrinsic": [
            [
                0.9815995295090406,
                0.008034495978805204,
                -0.1907821022580381,
                2.21660956518107
            ],
            [
                -0.037360459100355146,
                0.9878853272936803,
                -0.15062130066384632,
                -1.0490743129511597
            ],
            [
                0.1872606732964523,
                0.15497750479416253,
                0.9700079449387695,
                5.270948257394326
            ],
            [
                0.0,
                0.0,
                0.0,
                1.0
            ]
        ],
        "K": [
            [
                480.0017864194184,
                0.0,
                640.0
            ],
            [
                0.0,
                480.0017864194184,
                360.0
            ],
            [
                0.0,
                0.0,
                1.0
            ]
        ]
    },
    "21": {
        "extrinsic": [
            [
                0.9815995295090406,
                0.008034495978805204,
                -0.1907821022580381,
                2.4281808699340792
            ],
            [
                -0.037360459100355146,
                0.9878853272936803,
                -0.15062130066384632,
                -1.1198504379606908
            ],
            [
                0.1872606732964523,
                0.15497750479416253,
                0.9700079449387695,
                5.5992204420031495
            ],
            [
                0.0,
                0.0,
                0.0,
                1.0
            ]
        ],
        "K": [
            [
                480.0017864194184,
                0.0,
                640.0
            ],
            [
                0.0,
                480.0017864194184,
                360.0
            ],
            [
                0.0,
                0.0,
                1.0
            ]
        ]
    },
    "22": {
        "extrinsic": [
            [
                0.9815995295090406,
                0.008034495978805204,
                -0.1907821022580381,
                2.6444910699294186
            ],
            [
                -0.037360459100355146,
                0.9878853272936803,
                -0.15062130066384632,
                -1.1891883167798893
            ],
            [
                0.1872606732964523,
                0.15497750479416253,
                0.9700079449387695,
                5.928682793553713
            ],
            [
                0.0,
                0.0,
                0.0,
                1.0
            ]
        ],
        "K": [
            [
                480.0017864194184,
                0.0,
                640.0
            ],
            [
                0.0,
                480.0017864194184,
                360.0
            ],
            [
                0.0,
                0.0,
                1.0
            ]
        ]
    },
    "23": {
        "extrinsic": [
            [
                0.9815995295090406,
                0.008034495978805204,
                -0.1907821022580381,
                2.8298722216756795
            ],
            [
                -0.037360459100355146,
                0.9878853272936803,
                -0.15062130066384632,
                -1.2680812083931352
            ],
            [
                0.1872606732964523,
                0.15497750479416253,
                0.9700079449387695,
                6.260781648791807
            ],
            [
                0.0,
                0.0,
                0.0,
                1.0
            ]
        ],
        "K": [
            [
                480.0017864194184,
                0.0,
                640.0
            ],
            [
                0.0,
                480.0017864194184,
                360.0
            ],
            [
                0.0,
                0.0,
                1.0
            ]
        ]
    },
    "24": {
        "extrinsic": [
            [
                0.9815995295090406,
                0.008034495978805204,
                -0.1907821022580381,
                2.939866058976951
            ],
            [
                -0.037360459100355146,
                0.9878853272936803,
                -0.15062130066384632,
                -1.3521746433512907
            ],
            [
                0.1872606732964523,
                0.15497750479416253,
                0.9700079449387695,
                6.60726760145101
            ],
            [
                0.0,
                0.0,
                0.0,
                1.0
            ]
        ],
        "K": [
            [
                480.0017864194184,
                0.0,
                640.0
            ],
            [
                0.0,
                480.0017864194184,
                360.0
            ],
            [
                0.0,
                0.0,
                1.0
            ]
        ]
    },
    "25": {
        "extrinsic": [
            [
                0.9704028386875554,
                -0.01050802724395007,
                -0.24126315928996422,
                2.997722799271867
            ],
            [
                -0.04724896909182067,
                0.9714825314620973,
                -0.23235581762408145,
                -1.44208143641424
            ],
            [
                0.23682454599744185,
                0.23687818056426313,
                0.9422329128117264,
                6.97366856813075
            ],
            [
                0.0,
                0.0,
                0.0,
                1.0
            ]
        ],
        "K": [
            [
                480.0017864194184,
                0.0,
                640.0
            ],
            [
                0.0,
                480.0017864194184,
                360.0
            ],
            [
                0.0,
                0.0,
                1.0
            ]
        ]
    },
    "26": {
        "extrinsic": [
            [
                0.9695635615570132,
                -0.01571657653647566,
                -0.2443347894239642,
                3.0461587142793416
            ],
            [
                -0.047903992585843616,
                0.9664733161206657,
                -0.25225886846860124,
                -1.5187292277744522
            ],
            [
                0.2401076999915148,
                0.25628561888778845,
                0.9363044237618917,
                7.349068543562385
            ],
            [
                0.0,
                0.0,
                0.0,
                1.0
            ]
        ],
        "K": [
            [
                480.0017864194184,
                0.0,
                640.0
            ],
            [
                0.0,
                480.0017864194184,
                360.0
            ],
            [
                0.0,
                0.0,
                1.0
            ]
        ]
    },
    "27": {
        "extrinsic": [
            [
                0.9695635615570132,
                -0.01571657653647566,
                -0.2443347894239642,
                3.086117645003074
            ],
            [
                -0.047903992585843616,
                0.9664733161206657,
                -0.25225886846860124,
                -1.590823864907812
            ],
            [
                0.2401076999915148,
                0.25628561888778845,
                0.9363044237618917,
                7.7214440651139284
            ],
            [
                0.0,
                0.0,
                0.0,
                1.0
            ]
        ],
        "K": [
            [
                480.0017864194184,
                0.0,
                640.0
            ],
            [
                0.0,
                480.0017864194184,
                360.0
            ],
            [
                0.0,
                0.0,
                1.0
            ]
        ]
    },
    "28": {
        "extrinsic": [
            [
                0.9695635615570132,
                -0.01571657653647566,
                -0.2443347894239642,
                3.0862116968870392
            ],
            [
                -0.047903992585843616,
                0.9664733161206657,
                -0.25225886846860124,
                -1.665662914896089
            ],
            [
                0.2401076999915148,
                0.25628561888778845,
                0.9363044237618917,
                8.097849071089716
            ],
            [
                0.0,
                0.0,
                0.0,
                1.0
            ]
        ],
        "K": [
            [
                480.0017864194184,
                0.0,
                640.0
            ],
            [
                0.0,
                480.0017864194184,
                360.0
            ],
            [
                0.0,
                0.0,
                1.0
            ]
        ]
    },
    "29": {
        "extrinsic": [
            [
                0.9695635615570132,
                -0.01571657653647566,
                -0.2443347894239642,
                3.0568459164064876
            ],
            [
                -0.047903992585843616,
                0.9664733161206657,
                -0.25225886846860124,
                -1.7465437178977838
            ],
            [
                0.2401076999915148,
                0.25628561888778845,
                0.9363044237618917,
                8.492659453026613
            ],
            [
                0.0,
                0.0,
                0.0,
                1.0
            ]
        ],
        "K": [
            [
                480.0017864194184,
                0.0,
                640.0
            ],
            [
                0.0,
                480.0017864194184,
                360.0
            ],
            [
                0.0,
                0.0,
                1.0
            ]
        ]
    },
    "30": {
        "extrinsic": [
            [
                0.9695635615570132,
                -0.01571657653647566,
                -0.2443347894239642,
                3.007777537603263
            ],
            [
                -0.047903992585843616,
                0.9664733161206657,
                -0.25225886846860124,
                -1.8262415959694003
            ],
            [
                0.2401076999915148,
                0.25628561888778845,
                0.9363044237618917,
                8.874908621762142
            ],
            [
                0.0,
                0.0,
                0.0,
                1.0
            ]
        ],
        "K": [
            [
                480.0017864194184,
                0.0,
                640.0
            ],
            [
                0.0,
                480.0017864194184,
                360.0
            ],
            [
                0.0,
                0.0,
                1.0
            ]
        ]
    },
    "31": {
        "extrinsic": [
            [
                0.9695635615570132,
                -0.01571657653647566,
                -0.2443347894239642,
                2.947251045370754
            ],
            [
                -0.047903992585843616,
                0.9664733161206657,
                -0.25225886846860124,
                -1.904599036810177
            ],
            [
                0.2401076999915148,
                0.25628561888778845,
                0.9363044237618917,
                9.246592237891253
            ],
            [
                0.0,
                0.0,
                0.0,
                1.0
            ]
        ],
        "K": [
            [
                480.0017864194184,
                0.0,
                640.0
            ],
            [
                0.0,
                480.0017864194184,
                360.0
            ],
            [
                0.0,
                0.0,
                1.0
            ]
        ]
    }
}