{
    "0": {
        "extrinsic": [
            [
                0.9999999999999999,
                1.806862081839531e-19,
                6.492458992494058e-19,
                0.0
            ],
            [
                -2.529959065270731e-19,
                1.0,
                -5.336393973551495e-17,
                4.143181923564354e-16
            ],
            [
                6.492558649840013e-19,
                1.0737169361384725e-18,
                1.0000000000000002,
                0.0
            ],
            [
                0.0,
                0.0,
                0.0,
                1.0
            ]
        ],
        "K": [
            [
                480.0017864194184,
                0.0,
                640.0
            ],
            [
                0.0,
                480.0017864194184,
                360.0
            ],
            [
                0.0,
                0.0,
                1.0
            ]
        ]
    },
    "1": {
        "extrinsic": [
            [
                0.9999961348567371,
                -0.000549735105416354,
                0.0027254472844646864,
                0.0
            ],
            [
                0.0005439853091542583,
                0.9999976260645628,
                0.0021099633224901057,
                4.143181923564354e-16
            ],
            [
                -0.002726600735338309,
                -0.002108472563896015,
                0.9999940599782969,
                0.0
            ],
            [
                0.0,
                0.0,
                0.0,
                1.0
            ]
        ],
        "K": [
            [
                480.0017864194184,
                0.0,
                640.0
            ],
            [
                0.0,
                480.0017864194184,
                360.0
            ],
            [
                0.0,
                0.0,
                1.0
            ]
        ]
    },
    "2": {
        "extrinsic": [
            [
                0.9999999999999999,
                1.838527485623313e-19,
                -3.100471915387075e-19,
                4.299903820320746e-06
            ],
            [
                -2.529959065270731e-19,
                0.9999805824162229,
                0.006231756615252941,
                -0.0002672422690085881
            ],
            [
                6.492558649840013e-19,
                -0.0062317566152529915,
                0.999980582416223,
                0.0013394901570517909
            ],
            [
                0.0,
                0.0,
                0.0,
                1.0
            ]
        ],
        "K": [
            [
                480.0017864194184,
                0.0,
                640.0
            ],
            [
                0.0,
                480.0017864194184,
                360.0
            ],
            [
                0.0,
                0.0,
                1.0
            ]
        ]
    },
    "3": {
        "extrinsic": [
            [
                0.9997992535282645,
                0.003920188557362311,
                -0.01964903982386383,
                4.0546366182693564e-05
            ],
            [
                -0.0039201885573623115,
                0.9999923152894981,
                3.8517836700162324e-05,
                -0.00397886021567807
            ],
            [
                0.01964903982386384,
                3.8517836700272276e-05,
                0.9998069382387667,
                0.019944075333099144
            ],
            [
                0.0,
                0.0,
                0.0,
                1.0
            ]
        ],
        "K": [
            [
                480.0017864194184,
                0.0,
                640.0
            ],
            [
                0.0,
                480.0017864194184,
                360.0
            ],
            [
                0.0,
                0.0,
                1.0
            ]
        ]
    },
    "4": {
        "extrinsic": [
            [
                0.9998952108809387,
                0.0027833640432425796,
                -0.01420634161091262,
                -0.00014483503820943795
            ],
            [
                -0.0028323799413904256,
                0.9999901017502048,
                -0.0034313299874519972,
                -0.011631142059129072
            ],
            [
                0.01419665035248711,
                0.0034712081784246344,
                0.9998931972128581,
                0.05947119350459215
            ],
            [
                0.0,
                0.0,
                0.0,
                1.0
            ]
        ],
        "K": [
            [
                480.0017864194184,
                0.0,
                640.0
            ],
            [
                0.0,
                480.0017864194184,
                360.0
            ],
            [
                0.0,
                0.0,
                1.0
            ]
        ]
    },
    "5": {
        "extrinsic": [
            [
                0.9998952108809387,
                0.0027833640432425796,
                -0.01420634161091262,
                -0.0007361392668938223
            ],
            [
                -0.0028323799413904256,
                0.9999901017502048,
                -0.0034313299874519972,
                -0.022944852750117352
            ],
            [
                0.01419665035248711,
                0.0034712081784246344,
                0.9998931972128581,
                0.11615653603621919
            ],
            [
                0.0,
                0.0,
                0.0,
                1.0
            ]
        ],
        "K": [
            [
                480.0017864194184,
                0.0,
                640.0
            ],
            [
                0.0,
                480.0017864194184,
                360.0
            ],
            [
                0.0,
                0.0,
                1.0
            ]
        ]
    },
    "6": {
        "extrinsic": [
            [
                0.9998952108809387,
                0.0027833640432425796,
                -0.01420634161091262,
                -0.0015763526297073234
            ],
            [
                -0.0028323799413904256,
                0.9999901017502048,
                -0.0034313299874519972,
                -0.03663340120016244
            ],
            [
                0.01419665035248711,
                0.0034712081784246344,
                0.9998931972128581,
                0.18476722393813005
            ],
            [
                0.0,
                0.0,
                0.0,
                1.0
            ]
        ],
        "K": [
            [
                480.0017864194184,
                0.0,
                640.0
            ],
            [
                0.0,
                480.0017864194184,
                360.0
            ],
            [
                0.0,
                0.0,
                1.0
            ]
        ]
    },
    "7": {
        "extrinsic": [
            [
                0.9998952108809387,
                0.0027833640432425796,
                -0.01420634161091262,
                -0.002579520108383957
            ],
            [
                -0.0028323799413904256,
                0.9999901017502048,
                -0.0034313299874519972,
                -0.051883732825365285
            ],
            [
                0.01419665035248711,
                0.0034712081784246344,
                0.9998931972128581,
                0.260958030129794
            ],
            [
                0.0,
                0.0,
                0.0,
                1.0
            ]
        ],
        "K": [
            [
                480.0017864194184,
                0.0,
                640.0
            ],
            [
                0.0,
                480.0017864194184,
                360.0
            ],
            [
                0.0,
                0.0,
                1.0
            ]
        ]
    },
    "8": {
        "extrinsic": [
            [
                0.9998952108809387,
                0.0027833640432425796,
                -0.01420634161091262,
                0.0009176284629727071
            ],
            [
                -0.0028323799413904256,
                0.9999901017502048,
                -0.0034313299874519972,
                -0.06945976774823436
            ],
            [
                0.01419665035248711,
                0.0034712081784246344,
                0.9998931972128581,
                0.3434283316748307
            ],
            [
                0.0,
                0.0,
                0.0,
                1.0
            ]
        ],
        "K": [
            [
                480.0017864194184,
                0.0,
                640.0
            ],
            [
                0.0,
                480.0017864194184,
                360.0
            ],
            [
                0.0,
                0.0,
                1.0
            ]
        ]
    },
    "9": {
        "extrinsic": [
            [
                0.9998952108809387,
                0.0027833640432425796,
                -0.01420634161091262,
                0.0224055874078935
            ],
            [
                -0.0028323799413904256,
                0.9999901017502048,
                -0.0034313299874519972,
                -0.08572314986848993
            ],
            [
                0.01419665035248711,
                0.0034712081784246344,
                0.9998931972128581,
                0.4231784284301727
            ],
            [
                0.0,
                0.0,
                0.0,
                1.0
            ]
        ],
        "K": [
            [
                480.0017864194184,
                0.0,
                640.0
            ],
            [
                0.0,
                480.0017864194184,
                360.0
            ],
            [
                0.0,
                0.0,
                1.0
            ]
        ]
    },
    "10": {
        "extrinsic": [
            [
                0.9998270339691334,
                -0.0028030160618702825,
                0.018386006783480045,
                0.05756646752765863
            ],
            [
                0.0036388690108629246,
                0.9989537613841507,
                -0.045586634541049685,
                -0.09990435663055647
            ],
            [
                -0.018238990564366727,
                0.0456456538721304,
                0.9987911761253097,
                0.5002286205972813
            ],
            [
                0.0,
                0.0,
                0.0,
                1.0
            ]
        ],
        "K": [
            [
                480.0017864194184,
                0.0,
                640.0
            ],
            [
                0.0,
                480.0017864194184,
                360.0
            ],
            [
                0.0,
                0.0,
                1.0
            ]
        ]
    },
    "11": {
        "extrinsic": [
            [
                0.9876192538997027,
                -0.01006968863143283,
                0.15654651288821586,
                0.10367448981584816
            ],
            [
                0.0306923259287662,
                0.9910541846898372,
                -0.12988296323168977,
                -0.11169548442352713
            ],
            [
                -0.15383819569819693,
                0.13307969183774088,
                0.9790932566230325,
                0.5772001781620647
            ],
            [
                0.0,
                0.0,
                0.0,
                1.0
            ]
        ],
        "K": [
            [
                480.0017864194184,
                0.0,
                640.0
            ],
            [
                0.0,
                480.0017864194184,
                360.0
            ],
            [
                0.0,
                0.0,
                1.0
            ]
        ]
    },
    "12": {
        "extrinsic": [
            [
                0.982646166603868,
                -0.004854374937803099,
                0.18542639052380439,
                0.1575582003744576
            ],
            [
                0.03629193416809831,
                0.9853685345192291,
                -0.1665285161579399,
                -0.12269545974098177
            ],
            [
                -0.1819049388363648,
                0.1703680903907479,
                0.9684447877930619,
                0.6496691812770544
            ],
            [
                0.0,
                0.0,
                0.0,
                1.0
            ]
        ],
        "K": [
            [
                480.0017864194184,
                0.0,
                640.0
            ],
            [
                0.0,
                480.0017864194184,
                360.0
            ],
            [
                0.0,
                0.0,
                1.0
            ]
        ]
    },
    "13": {
        "extrinsic": [
            [
                0.9988001559191663,
                0.0030779709784971698,
                -0.048875092127839,
                0.22014218914160982
            ],
            [
                -0.009581574687221223,
                0.9910164528820129,
                -0.13339634006848305,
                -0.1342771821490605
            ],
            [
                0.04802543037144408,
                0.13370458560501466,
                0.9898568794658293,
                0.7178393062251973
            ],
            [
                0.0,
                0.0,
                0.0,
                1.0
            ]
        ],
        "K": [
            [
                480.0017864194184,
                0.0,
                640.0
            ],
            [
                0.0,
                480.0017864194184,
                360.0
            ],
            [
                0.0,
                0.0,
                1.0
            ]
        ]
    },
    "14": {
        "extrinsic": [
            [
                0.9869641548996057,
                0.01043874379034353,
                -0.1606013373897825,
                0.27484719340655955
            ],
            [
                -0.03148867649198051,
                0.9911328146789596,
                -0.12908991796165392,
                -0.1512503539639057
            ],
            [
                0.15782971898882223,
                0.13246424534432946,
                0.9785412630590838,
                0.7891377926649812
            ],
            [
                0.0,
                0.0,
                0.0,
                1.0
            ]
        ],
        "K": [
            [
                480.0017864194184,
                0.0,
                640.0
            ],
            [
                0.0,
                480.0017864194184,
                360.0
            ],
            [
                0.0,
                0.0,
                1.0
            ]
        ]
    },
    "15": {
        "extrinsic": [
            [
                0.9815995295090406,
                0.008034495978805204,
                -0.1907821022580381,
                0.3115531995695946
            ],
            [
                -0.037360459100355146,
                0.9878853272936803,
                -0.15062130066384632,
                -0.16877723454273685
            ],
            [
                0.1872606732964523,
                0.15497750479416253,
                0.9700079449387695,
                0.8677821076280621
            ],
            [
                0.0,
                0.0,
                0.0,
                1.0
            ]
        ],
        "K": [
            [
                480.0017864194184,
                0.0,
                640.0
            ],
            [
                0.0,
                480.0017864194184,
                360.0
            ],
            [
                0.0,
                0.0,
                1.0
            ]
        ]
    },
    "16": {
        "extrinsic": [
            [
                0.9815995295090406,
                0.008034495978805204,
                -0.1907821022580381,
                0.3486022283872758
            ],
            [
                -0.037360459100355146,
                0.9878853272936803,
                -0.15062130066384632,
                -0.18701735560747879
            ],
            [
                0.1872606732964523,
                0.15497750479416253,
                0.9700079449387695,
                0.9499199992408319
            ],
            [
                0.0,
                0.0,
                0.0,
                1.0
            ]
        ],
        "K": [
            [
                480.0017864194184,
                0.0,
                640.0
            ],
            [
                0.0,
                480.0017864194184,
                360.0
            ],
            [
                0.0,
                0.0,
                1.0
            ]
        ]
    },
    "17": {
        "extrinsic": [
            [
                0.9815995295090406,
                0.008034495978805204,
                -0.1907821022580381,
                0.3905623997298615
            ],
            [
                -0.037360459100355146,
                0.9878853272936803,
                -0.15062130066384632,
                -0.20510498849172545
            ],
            [
                0.1872606732964523,
                0.15497750479416253,
                0.9700079449387695,
                1.030592783175977
            ],
            [
                0.0,
                0.0,
                0.0,
                1.0
            ]
        ],
        "K": [
            [
                480.0017864194184,
                0.0,
                640.0
            ],
            [
                0.0,
                480.0017864194184,
                360.0
            ],
            [
                0.0,
                0.0,
                1.0
            ]
        ]
    },
    "18": {
        "extrinsic": [
            [
                0.9815995295090406,
                0.008034495978805204,
                -0.1907821022580381,
                0.43687755618323515
            ],
            [
                -0.037360459100355146,
                0.9878853272936803,
                -0.15062130066384632,
                -0.22067710716552724
            ],
            [
                0.1872606732964523,
                0.15497750479416253,
                0.9700079449387695,
                1.1126194380222674
            ],
            [
                0.0,
                0.0,
                0.0,
                1.0
            ]
        ],
        "K": [
            [
                480.0017864194184,
                0.0,
                640.0
            ],
            [
                0.0,
                480.0017864194184,
                360.0
            ],
            [
                0.0,
                0.0,
                1.0
            ]
        ]
    },
    "19": {
        "extrinsic": [
            [
                0.9815995295090406,
                0.008034495978805204,
                -0.1907821022580381,
                0.48553086973062226
            ],
            [
                -0.037360459100355146,
                0.9878853272936803,
                -0.15062130066384632,
                -0.23626822475841938
            ],
            [
                0.1872606732964523,
                0.15497750479416253,
                0.9700079449387695,
                1.1937820343881143
            ],
            [
                0.0,
                0.0,
                0.0,
                1.0
            ]
        ],
        "K": [
            [
                480.0017864194184,
                0.0,
                640.0
            ],
            [
                0.0,
                480.0017864194184,
                360.0
            ],
            [
                0.0,
                0.0,
                1.0
            ]
        ]
    },
    "20": {
        "extrinsic": [
            [
                0.9815995295090406,
                0.008034495978805204,
                -0.1907821022580381,
                0.5356433043301335
            ],
            [
                -0.037360459100355146,
                0.9878853272936803,
                -0.15062130066384632,
                -0.2535086197875903
            ],
            [
                0.1872606732964523,
                0.15497750479416253,
                0.9700079449387695,
                1.2737237021320995
            ],
            [
                0.0,
                0.0,
                0.0,
                1.0
            ]
        ],
        "K": [
            [
                480.0017864194184,
                0.0,
                640.0
            ],
            [
                0.0,
                480.0017864194184,
                360.0
            ],
            [
                0.0,
                0.0,
                1.0
            ]
        ]
    },
    "21": {
        "extrinsic": [
            [
                0.9815995295090406,
                0.008034495978805204,
                -0.1907821022580381,
                0.5867694722216278
            ],
            [
                -0.037360459100355146,
                0.9878853272936803,
                -0.15062130066384632,
                -0.2706116577169114
            ],
            [
                0.1872606732964523,
                0.15497750479416253,
                0.9700079449387695,
                1.353050616734301
            ],
            [
                0.0,
                0.0,
                0.0,
                1.0
            ]
        ],
        "K": [
            [
                480.0017864194184,
                0.0,
                640.0
            ],
            [
                0.0,
                480.0017864194184,
                360.0
            ],
            [
                0.0,
                0.0,
                1.0
            ]
        ]
    },
    "22": {
        "extrinsic": [
            [
                0.9815995295090406,
                0.008034495978805204,
                -0.1907821022580381,
                0.6390407932994789
            ],
            [
                -0.037360459100355146,
                0.9878853272936803,
                -0.15062130066384632,
                -0.2873671437119942
            ],
            [
                0.1872606732964523,
                0.15497750479416253,
                0.9700079449387695,
                1.4326651349647608
            ],
            [
                0.0,
                0.0,
                0.0,
                1.0
            ]
        ],
        "K": [
            [
                480.0017864194184,
                0.0,
                640.0
            ],
            [
                0.0,
                480.0017864194184,
                360.0
            ],
            [
                0.0,
                0.0,
                1.0
            ]
        ]
    },
    "23": {
        "extrinsic": [
            [
                0.9815995295090406,
                0.008034495978805204,
                -0.1907821022580381,
                0.6838381154087434
            ],
            [
                -0.037360459100355146,
                0.9878853272936803,
                -0.15062130066384632,
                -0.30643159683701987
            ],
            [
                0.1872606732964523,
                0.15497750479416253,
                0.9700079449387695,
                1.5129167638389942
            ],
            [
                0.0,
                0.0,
                0.0,
                1.0
            ]
        ],
        "K": [
            [
                480.0017864194184,
                0.0,
                640.0
            ],
            [
                0.0,
                480.0017864194184,
                360.0
            ],
            [
                0.0,
                0.0,
                1.0
            ]
        ]
    },
    "24": {
        "extrinsic": [
            [
                0.9815995295090406,
                0.008034495978805204,
                -0.1907821022580381,
                0.7104181064876827
            ],
            [
                -0.037360459100355146,
                0.9878853272936803,
                -0.15062130066384632,
                -0.3267527603296885
            ],
            [
                0.1872606732964523,
                0.15497750479416253,
                0.9700079449387695,
                1.5966450322276537
            ],
            [
                0.0,
                0.0,
                0.0,
                1.0
            ]
        ],
        "K": [
            [
                480.0017864194184,
                0.0,
                640.0
            ],
            [
                0.0,
                480.0017864194184,
                360.0
            ],
            [
                0.0,
                0.0,
                1.0
            ]
        ]
    },
    "25": {
        "extrinsic": [
            [
                0.9704028386875554,
                -0.01050802724395007,
                -0.24126315928996422,
                0.724399177415168
            ],
            [
                -0.04724896909182067,
                0.9714825314620973,
                -0.23235581762408145,
                -0.3484787207669429
            ],
            [
                0.23682454599744185,
                0.23687818056426313,
                0.9422329128117264,
                1.6851857601866882
            ],
            [
                0.0,
                0.0,
                0.0,
                1.0
            ]
        ],
        "K": [
            [
                480.0017864194184,
                0.0,
                640.0
            ],
            [
                0.0,
                480.0017864194184,
                360.0
            ],
            [
                0.0,
                0.0,
                1.0
            ]
        ]
    },
    "26": {
        "extrinsic": [
            [
                0.9695635615570132,
                -0.01571657653647566,
                -0.2443347894239642,
                0.7361037075996427
            ],
            [
                -0.047903992585843616,
                0.9664733161206657,
                -0.25225886846860124,
                -0.3670006458180229
            ],
            [
                0.2401076999915148,
                0.25628561888778845,
                0.9363044237618917,
                1.7759010969984854
            ],
            [
                0.0,
                0.0,
                0.0,
                1.0
            ]
        ],
        "K": [
            [
                480.0017864194184,
                0.0,
                640.0
            ],
            [
                0.0,
                480.0017864194184,
                360.0
            ],
            [
                0.0,
                0.0,
                1.0
            ]
        ]
    },
    "27": {
        "extrinsic": [
            [
                0.9695635615570132,
                -0.01571657653647566,
                -0.2443347894239642,
                0.7457597760505656
            ],
            [
                -0.047903992585843616,
                0.9664733161206657,
                -0.25225886846860124,
                -0.38442230196586147
            ],
            [
                0.2401076999915148,
                0.25628561888778845,
                0.9363044237618917,
                1.865885575071976
            ],
            [
                0.0,
                0.0,
                0.0,
                1.0
            ]
        ],
        "K": [
            [
                480.0017864194184,
                0.0,
                640.0
            ],
            [
                0.0,
                480.0017864194184,
                360.0
            ],
            [
                0.0,
                0.0,
                1.0
            ]
        ]
    },
    "28": {
        "extrinsic": [
            [
                0.9695635615570132,
                -0.01571657653647566,
                -0.2443347894239642,
                0.7457825036714769
            ],
            [
                -0.047903992585843616,
                0.9664733161206657,
                -0.25225886846860124,
                -0.4025071449884415
            ],
            [
                0.2401076999915148,
                0.25628561888778845,
                0.9363044237618917,
                1.9568437773347205
            ],
            [
                0.0,
                0.0,
                0.0,
                1.0
            ]
        ],
        "K": [
            [
                480.0017864194184,
                0.0,
                640.0
            ],
            [
                0.0,
                480.0017864194184,
                360.0
            ],
            [
                0.0,
                0.0,
                1.0
            ]
        ]
    },
    "29": {
        "extrinsic": [
            [
                0.9695635615570132,
                -0.01571657653647566,
                -0.2443347894239642,
                0.7386862680791022
            ],
            [
                -0.047903992585843616,
                0.9664733161206657,
                -0.25225886846860124,
                -0.4220519765443602
            ],
            [
                0.2401076999915148,
                0.25628561888778845,
                0.9363044237618917,
                2.052249635401225
            ],
            [
                0.0,
                0.0,
                0.0,
                1.0
            ]
        ],
        "K": [
            [
                480.0017864194184,
                0.0,
                640.0
            ],
            [
                0.0,
                480.0017864194184,
                360.0
            ],
            [
                0.0,
                0.0,
                1.0
            ]
        ]
    },
    "30": {
        "extrinsic": [
            [
                0.9695635615570132,
                -0.01571657653647566,
                -0.2443347894239642,
                0.7268289031316877
            ],
            [
                -0.047903992585843616,
                0.9664733161206657,
                -0.25225886846860124,
                -0.4413109545028414
            ],
            [
                0.2401076999915148,
                0.25628561888778845,
                0.9363044237618917,
                2.1446200785479053
            ],
            [
                0.0,
                0.0,
                0.0,
                1.0
            ]
        ],
        "K": [
            [
                480.0017864194184,
                0.0,
                640.0
            ],
            [
                0.0,
                480.0017864194184,
                360.0
            ],
            [
                0.0,
                0.0,
                1.0
            ]
        ]
    },
    "31": {
        "extrinsic": [
            [
                0.9695635615570132,
                -0.01571657653647566,
                -0.2443347894239642,
                0.7122026871267572
            ],
            [
                -0.047903992585843616,
                0.9664733161206657,
                -0.25225886846860124,
                -0.46024601604462356
            ],
            [
                0.2401076999915148,
                0.25628561888778845,
                0.9363044237618917,
                2.234437357800017
            ],
            [
                0.0,
                0.0,
                0.0,
                1.0
            ]
        ],
        "K": [
            [
                480.0017864194184,
                0.0,
                640.0
            ],
            [
                0.0,
                480.0017864194184,
                360.0
            ],
            [
                0.0,
                0.0,
                1.0
            ]
        ]
    }
}