{
    "0": {
        "extrinsic": [
            [
                1.0,
                2.338093778675218e-19,
                6.563004009959326e-17,
                -4.320099833421409e-15
            ],
            [
                -3.2356375740860924e-18,
                0.9999999999999999,
                1.2813992486781706e-17,
                -4.320099833421409e-15
            ],
            [
                -1.7636686747293487e-17,
                -1.9643358304434775e-19,
                1.0,
                0.0
            ],
            [
                0.0,
                0.0,
                0.0,
                1.0
            ]
        ],
        "K": [
            [
                480.0017864194184,
                0.0,
                640.0
            ],
            [
                0.0,
                480.0017864194184,
                360.0
            ],
            [
                0.0,
                0.0,
                1.0
            ]
        ]
    },
    "1": {
        "extrinsic": [
            [
                1.0,
                2.338093778675218e-19,
                6.563004009959326e-17,
                2.211566554251476e-06
            ],
            [
                -3.2356375740860924e-18,
                0.9999999999999999,
                1.2813992486781706e-17,
                0.0013794954873085315
            ],
            [
                -1.7636686747293487e-17,
                -1.9643358304434775e-19,
                1.0,
                0.011555201338755068
            ],
            [
                0.0,
                0.0,
                0.0,
                1.0
            ]
        ],
        "K": [
            [
                480.0017864194184,
                0.0,
                640.0
            ],
            [
                0.0,
                480.0017864194184,
                360.0
            ],
            [
                0.0,
                0.0,
                1.0
            ]
        ]
    },
    "2": {
        "extrinsic": [
            [
                1.0,
                2.338093778675218e-19,
                6.563004009959326e-17,
                5.956031069445089e-06
            ],
            [
                -3.2356375740860924e-18,
                0.9999999999999999,
                1.2813992486781706e-17,
                0.016931270266409
            ],
            [
                -1.7636686747293487e-17,
                -1.9643358304434775e-19,
                1.0,
                0.14179951973411425
            ],
            [
                0.0,
                0.0,
                0.0,
                1.0
            ]
        ],
        "K": [
            [
                480.0017864194184,
                0.0,
                640.0
            ],
            [
                0.0,
                480.0017864194184,
                360.0
            ],
            [
                0.0,
                0.0,
                1.0
            ]
        ]
    },
    "3": {
        "extrinsic": [
            [
                1.0,
                2.338093778675218e-19,
                6.563004009959326e-17,
                1.139565277139809e-05
            ],
            [
                -3.2356375740860924e-18,
                0.9999999999999999,
                1.2813992486781706e-17,
                0.048443257882799344
            ],
            [
                -1.7636686747293487e-17,
                -1.9643358304434775e-19,
                1.0,
                0.4057147332690656
            ],
            [
                0.0,
                0.0,
                0.0,
                1.0
            ]
        ],
        "K": [
            [
                480.0017864194184,
                0.0,
                640.0
            ],
            [
                0.0,
                480.0017864194184,
                360.0
            ],
            [
                0.0,
                0.0,
                1.0
            ]
        ]
    },
    "4": {
        "extrinsic": [
            [
                1.0,
                2.338093778675218e-19,
                6.563004009959326e-17,
                2.1842067891611805e-05
            ],
            [
                -3.2356375740860924e-18,
                0.9999999999999999,
                1.2813992486781706e-17,
                0.09208092662234776
            ],
            [
                -1.7636686747293487e-17,
                -1.9643358304434775e-19,
                1.0,
                0.7711883326021716
            ],
            [
                0.0,
                0.0,
                0.0,
                1.0
            ]
        ],
        "K": [
            [
                480.0017864194184,
                0.0,
                640.0
            ],
            [
                0.0,
                480.0017864194184,
                360.0
            ],
            [
                0.0,
                0.0,
                1.0
            ]
        ]
    },
    "5": {
        "extrinsic": [
            [
                1.0,
                2.338093778675218e-19,
                6.563004009959326e-17,
                3.5040897340877565e-05
            ],
            [
                -3.2356375740860924e-18,
                0.9999999999999999,
                1.2813992486781706e-17,
                0.1444194539196742
            ],
            [
                -1.7636686747293487e-17,
                -1.9643358304434775e-19,
                1.0,
                1.2095446665244889
            ],
            [
                0.0,
                0.0,
                0.0,
                1.0
            ]
        ],
        "K": [
            [
                480.0017864194184,
                0.0,
                640.0
            ],
            [
                0.0,
                480.0017864194184,
                360.0
            ],
            [
                0.0,
                0.0,
                1.0
            ]
        ]
    },
    "6": {
        "extrinsic": [
            [
                1.0,
                2.338093778675218e-19,
                6.563004009959326e-17,
                5.451857170351104e-05
            ],
            [
                -3.2356375740860924e-18,
                0.9999999999999999,
                1.2813992486781706e-17,
                0.20300497507868498
            ],
            [
                -1.7636686747293487e-17,
                -1.9643358304434775e-19,
                1.0,
                1.7002075484837624
            ],
            [
                0.0,
                0.0,
                0.0,
                1.0
            ]
        ],
        "K": [
            [
                480.0017864194184,
                0.0,
                640.0
            ],
            [
                0.0,
                480.0017864194184,
                360.0
            ],
            [
                0.0,
                0.0,
                1.0
            ]
        ]
    },
    "7": {
        "extrinsic": [
            [
                1.0,
                2.338093778675218e-19,
                6.563004009959326e-17,
                6.860528243487351e-05
            ],
            [
                -3.2356375740860924e-18,
                0.9999999999999999,
                1.2813992486781706e-17,
                0.266319553441833
            ],
            [
                -1.7636686747293487e-17,
                -1.9643358304434775e-19,
                1.0,
                2.228347024709081
            ],
            [
                0.0,
                0.0,
                0.0,
                1.0
            ]
        ],
        "K": [
            [
                480.0017864194184,
                0.0,
                640.0
            ],
            [
                0.0,
                480.0017864194184,
                360.0
            ],
            [
                0.0,
                0.0,
                1.0
            ]
        ]
    },
    "8": {
        "extrinsic": [
            [
                1.0,
                2.338093778675218e-19,
                6.563004009959326e-17,
                8.397425373118494e-05
            ],
            [
                -3.2356375740860924e-18,
                0.9999999999999999,
                1.2813992486781706e-17,
                0.33443207243193157
            ],
            [
                -1.7636686747293487e-17,
                -1.9643358304434775e-19,
                1.0,
                2.783235123490033
            ],
            [
                0.0,
                0.0,
                0.0,
                1.0
            ]
        ],
        "K": [
            [
                480.0017864194184,
                0.0,
                640.0
            ],
            [
                0.0,
                480.0017864194184,
                360.0
            ],
            [
                0.0,
                0.0,
                1.0
            ]
        ]
    },
    "9": {
        "extrinsic": [
            [
                1.0,
                2.338093778675218e-19,
                6.563004009959326e-17,
                0.00010260819813265697
            ],
            [
                -3.2356375740860924e-18,
                0.9999999999999999,
                1.2813992486781706e-17,
                0.4049083803521814
            ],
            [
                -1.7636686747293487e-17,
                -1.9643358304434775e-19,
                1.0,
                3.3574604353415625
            ],
            [
                0.0,
                0.0,
                0.0,
                1.0
            ]
        ],
        "K": [
            [
                480.0017864194184,
                0.0,
                640.0
            ],
            [
                0.0,
                480.0017864194184,
                360.0
            ],
            [
                0.0,
                0.0,
                1.0
            ]
        ]
    },
    "10": {
        "extrinsic": [
            [
                1.0,
                2.338093778675218e-19,
                6.563004009959326e-17,
                0.00012621029079741674
            ],
            [
                -3.2356375740860924e-18,
                0.9999999999999999,
                1.2813992486781706e-17,
                0.47483915537794313
            ],
            [
                -1.7636686747293487e-17,
                -1.9643358304434775e-19,
                1.0,
                3.944938067783393
            ],
            [
                0.0,
                0.0,
                0.0,
                1.0
            ]
        ],
        "K": [
            [
                480.0017864194184,
                0.0,
                640.0
            ],
            [
                0.0,
                480.0017864194184,
                360.0
            ],
            [
                0.0,
                0.0,
                1.0
            ]
        ]
    },
    "11": {
        "extrinsic": [
            [
                1.0,
                2.338093778675218e-19,
                6.563004009959326e-17,
                0.000150952097714935
            ],
            [
                -3.2356375740860924e-18,
                0.9999999999999999,
                1.2813992486781706e-17,
                0.5446256028589348
            ],
            [
                -1.7636686747293487e-17,
                -1.9643358304434775e-19,
                1.0,
                4.534594134191988
            ],
            [
                0.0,
                0.0,
                0.0,
                1.0
            ]
        ],
        "K": [
            [
                480.0017864194184,
                0.0,
                640.0
            ],
            [
                0.0,
                480.0017864194184,
                360.0
            ],
            [
                0.0,
                0.0,
                1.0
            ]
        ]
    },
    "12": {
        "extrinsic": [
            [
                1.0,
                2.338093778675218e-19,
                6.563004009959326e-17,
                0.009396268681519814
            ],
            [
                -3.2356375740860924e-18,
                0.9999999999999999,
                1.2813992486781706e-17,
                0.6123735873852838
            ],
            [
                -1.7636686747293487e-17,
                -1.9643358304434775e-19,
                1.0,
                5.1213436864008175
            ],
            [
                0.0,
                0.0,
                0.0,
                1.0
            ]
        ],
        "K": [
            [
                480.0017864194184,
                0.0,
                640.0
            ],
            [
                0.0,
                480.0017864194184,
                360.0
            ],
            [
                0.0,
                0.0,
                1.0
            ]
        ]
    },
    "13": {
        "extrinsic": [
            [
                1.0,
                2.338093778675218e-19,
                6.563004009959326e-17,
                0.10972687803650137
            ],
            [
                -3.2356375740860924e-18,
                0.9999999999999999,
                1.2813992486781706e-17,
                0.6799008576299377
            ],
            [
                -1.7636686747293487e-17,
                -1.9643358304434775e-19,
                1.0,
                5.677934423367783
            ],
            [
                0.0,
                0.0,
                0.0,
                1.0
            ]
        ],
        "K": [
            [
                480.0017864194184,
                0.0,
                640.0
            ],
            [
                0.0,
                480.0017864194184,
                360.0
            ],
            [
                0.0,
                0.0,
                1.0
            ]
        ]
    },
    "14": {
        "extrinsic": [
            [
                1.0,
                2.338093778675218e-19,
                6.563004009959326e-17,
                0.20420085063323518
            ],
            [
                -3.2356375740860924e-18,
                0.9999999999999999,
                1.2813992486781706e-17,
                0.7491799143840785
            ],
            [
                -1.7636686747293487e-17,
                -1.9643358304434775e-19,
                1.0,
                6.244054014690373
            ],
            [
                0.0,
                0.0,
                0.0,
                1.0
            ]
        ],
        "K": [
            [
                480.0017864194184,
                0.0,
                640.0
            ],
            [
                0.0,
                480.0017864194184,
                360.0
            ],
            [
                0.0,
                0.0,
                1.0
            ]
        ]
    },
    "15": {
        "extrinsic": [
            [
                1.0,
                2.338093778675218e-19,
                6.563004009959326e-17,
                0.27198751654377407
            ],
            [
                -3.2356375740860924e-18,
                0.9999999999999999,
                1.2813992486781706e-17,
                0.8198961703966691
            ],
            [
                -1.7636686747293487e-17,
                -1.9643358304434775e-19,
                1.0,
                6.826203007177353
            ],
            [
                0.0,
                0.0,
                0.0,
                1.0
            ]
        ],
        "K": [
            [
                480.0017864194184,
                0.0,
                640.0
            ],
            [
                0.0,
                480.0017864194184,
                360.0
            ],
            [
                0.0,
                0.0,
                1.0
            ]
        ]
    },
    "16": {
        "extrinsic": [
            [
                1.0,
                2.338093778675218e-19,
                6.563004009959326e-17,
                0.3200808506611165
            ],
            [
                -3.2356375740860924e-18,
                0.9999999999999999,
                1.2813992486781706e-17,
                0.8909010300824531
            ],
            [
                -1.7636686747293487e-17,
                -1.9643358304434775e-19,
                1.0,
                7.413710904011243
            ],
            [
                0.0,
                0.0,
                0.0,
                1.0
            ]
        ],
        "K": [
            [
                480.0017864194184,
                0.0,
                640.0
            ],
            [
                0.0,
                480.0017864194184,
                360.0
            ],
            [
                0.0,
                0.0,
                1.0
            ]
        ]
    },
    "17": {
        "extrinsic": [
            [
                1.0,
                2.338093778675218e-19,
                6.563004009959326e-17,
                0.35794228521042737
            ],
            [
                -3.2356375740860924e-18,
                0.9999999999999999,
                1.2813992486781706e-17,
                0.962112241229304
            ],
            [
                -1.7636686747293487e-17,
                -1.9643358304434775e-19,
                1.0,
                8.000846368939975
            ],
            [
                0.0,
                0.0,
                0.0,
                1.0
            ]
        ],
        "K": [
            [
                480.0017864194184,
                0.0,
                640.0
            ],
            [
                0.0,
                480.0017864194184,
                360.0
            ],
            [
                0.0,
                0.0,
                1.0
            ]
        ]
    },
    "18": {
        "extrinsic": [
            [
                1.0,
                2.338093778675218e-19,
                6.563004009959326e-17,
                0.4769301867294191
            ],
            [
                -3.2356375740860924e-18,
                0.9999999999999999,
                1.2813992486781706e-17,
                1.0413267973277913
            ],
            [
                -1.7636686747293487e-17,
                -1.9643358304434775e-19,
                1.0,
                8.556567409219138
            ],
            [
                0.0,
                0.0,
                0.0,
                1.0
            ]
        ],
        "K": [
            [
                480.0017864194184,
                0.0,
                640.0
            ],
            [
                0.0,
                480.0017864194184,
                360.0
            ],
            [
                0.0,
                0.0,
                1.0
            ]
        ]
    },
    "19": {
        "extrinsic": [
            [
                1.0,
                2.338093778675218e-19,
                6.563004009959326e-17,
                0.6075945124408042
            ],
            [
                -3.2356375740860924e-18,
                0.9999999999999999,
                1.2813992486781706e-17,
                1.120416602616957
            ],
            [
                -1.7636686747293487e-17,
                -1.9643358304434775e-19,
                1.0,
                9.112413571037257
            ],
            [
                0.0,
                0.0,
                0.0,
                1.0
            ]
        ],
        "K": [
            [
                480.0017864194184,
                0.0,
                640.0
            ],
            [
                0.0,
                480.0017864194184,
                360.0
            ],
            [
                0.0,
                0.0,
                1.0
            ]
        ]
    },
    "20": {
        "extrinsic": [
            [
                0.9997631875928209,
                -0.0026100104644719863,
                -0.021604549974887106,
                0.701371885424511
            ],
            [
                0.0026700682973408406,
                0.9999926499910087,
                0.0027514903683486655,
                1.201990592107344
            ],
            [
                0.021597209762596284,
                -0.0028085244052574545,
                0.9997628082305999,
                9.686916759054812
            ],
            [
                0.0,
                0.0,
                0.0,
                1.0
            ]
        ],
        "K": [
            [
                480.0017864194184,
                0.0,
                640.0
            ],
            [
                0.0,
                480.0017864194184,
                360.0
            ],
            [
                0.0,
                0.0,
                1.0
            ]
        ]
    },
    "21": {
        "extrinsic": [
            [
                0.9455761323010169,
                -0.02493347726158406,
                -0.32444429373051975,
                0.7766556524650325
            ],
            [
                0.03992543672475984,
                0.9984163570351096,
                0.039632530919403636,
                1.2758845882137548
            ],
            [
                0.32294231299875664,
                -0.05042915542011741,
                0.9450741572800658,
                10.26948645088679
            ],
            [
                0.0,
                0.0,
                0.0,
                1.0
            ]
        ],
        "K": [
            [
                480.0017864194184,
                0.0,
                640.0
            ],
            [
                0.0,
                480.0017864194184,
                360.0
            ],
            [
                0.0,
                0.0,
                1.0
            ]
        ]
    },
    "22": {
        "extrinsic": [
            [
                0.8249687890664248,
                -0.023401569275093743,
                -0.5646936015413488,
                0.9120844108301248
            ],
            [
                0.06934518782282464,
                0.9957842826927745,
                0.06004087997234429,
                1.3459497253059565
            ],
            [
                0.5609079621400411,
                -0.08869063590649956,
                0.8231137400811669,
                10.836217820392317
            ],
            [
                0.0,
                0.0,
                0.0,
                1.0
            ]
        ],
        "K": [
            [
                480.0017864194184,
                0.0,
                640.0
            ],
            [
                0.0,
                480.0017864194184,
                360.0
            ],
            [
                0.0,
                0.0,
                1.0
            ]
        ]
    },
    "23": {
        "extrinsic": [
            [
                0.7811564062914282,
                -0.016578552294735396,
                -0.6241152301567972,
                1.0644887376395298
            ],
            [
                0.07660353421614265,
                0.9946393893740894,
                0.06945778322934316,
                1.4083784436184739
            ],
            [
                0.619618081930682,
                -0.10206682472453468,
                0.7782389066573283,
                11.406519510273132
            ],
            [
                0.0,
                0.0,
                0.0,
                1.0
            ]
        ],
        "K": [
            [
                480.0017864194184,
                0.0,
                640.0
            ],
            [
                0.0,
                480.0017864194184,
                360.0
            ],
            [
                0.0,
                0.0,
                1.0
            ]
        ]
    },
    "24": {
        "extrinsic": [
            [
                0.7807372285720945,
                -0.01617325996871276,
                -0.6246501465488897,
                1.1975200920279245
            ],
            [
                0.07666784004091594,
                0.9945912199122218,
                0.0700738722847445,
                1.4688485335444457
            ],
            [
                0.620138228320933,
                -0.10259985836005131,
                0.7777543615046282,
                11.982064965351421
            ],
            [
                0.0,
                0.0,
                0.0,
                1.0
            ]
        ],
        "K": [
            [
                480.0017864194184,
                0.0,
                640.0
            ],
            [
                0.0,
                480.0017864194184,
                360.0
            ],
            [
                0.0,
                0.0,
                1.0
            ]
        ]
    },
    "25": {
        "extrinsic": [
            [
                0.7833662107766197,
                -0.01608787057453687,
                -0.6213522030490095,
                1.310814066504867
            ],
            [
                0.07626305953120223,
                0.9945995688976768,
                0.07039633015644685,
                1.5339578315114957
            ],
            [
                0.6168641062376874,
                -0.10253232645820592,
                0.7803626057587888,
                12.561279850359291
            ],
            [
                0.0,
                0.0,
                0.0,
                1.0
            ]
        ],
        "K": [
            [
                480.0017864194184,
                0.0,
                640.0
            ],
            [
                0.0,
                480.0017864194184,
                360.0
            ],
            [
                0.0,
                0.0,
                1.0
            ]
        ]
    },
    "26": {
        "extrinsic": [
            [
                0.7809768017677537,
                -0.015746493380198727,
                -0.6243615002919686,
                1.4105114535759824
            ],
            [
                0.07663109808175969,
                0.9945447092998301,
                0.07077072848642885,
                1.6162769186575374
            ],
            [
                0.6198410359982586,
                -0.10311580455945375,
                0.7779230173626835,
                13.14088361047623
            ],
            [
                0.0,
                0.0,
                0.0,
                1.0
            ]
        ],
        "K": [
            [
                480.0017864194184,
                0.0,
                640.0
            ],
            [
                0.0,
                480.0017864194184,
                360.0
            ],
            [
                0.0,
                0.0,
                1.0
            ]
        ]
    },
    "27": {
        "extrinsic": [
            [
                0.7779136521176921,
                -0.015180095038062547,
                -0.6281878019856401,
                1.5008869185820266
            ],
            [
                0.07709871201201886,
                0.9944604411964725,
                0.07144382059635988,
                1.6987650817576883
            ],
            [
                0.6236233947303468,
                -0.10400959383610951,
                0.7747747194733741,
                13.721968382931237
            ],
            [
                0.0,
                0.0,
                0.0,
                1.0
            ]
        ],
        "K": [
            [
                480.0017864194184,
                0.0,
                640.0
            ],
            [
                0.0,
                480.0017864194184,
                360.0
            ],
            [
                0.0,
                0.0,
                1.0
            ]
        ]
    },
    "28": {
        "extrinsic": [
            [
                0.7785759070591249,
                -0.014739227591645617,
                -0.6273773283416149,
                1.5836885405515948
            ],
            [
                0.076998009631127,
                0.9944141785712511,
                0.07219243706447573,
                1.7739841880922738
            ],
            [
                0.6228088498567643,
                -0.10451409774028139,
                0.7753618122616235,
                14.305067643252954
            ],
            [
                0.0,
                0.0,
                0.0,
                1.0
            ]
        ],
        "K": [
            [
                480.0017864194184,
                0.0,
                640.0
            ],
            [
                0.0,
                480.0017864194184,
                360.0
            ],
            [
                0.0,
                0.0,
                1.0
            ]
        ]
    },
    "29": {
        "extrinsic": [
            [
                0.7783953779221492,
                -0.014503803412853815,
                -0.6276067839945612,
                1.6608705281928342
            ],
            [
                0.0770254824145282,
                0.9943859082471147,
                0.07255164049399263,
                1.84294262236959
            ],
            [
                0.6230310671934777,
                -0.10481557692500497,
                0.7751425573051931,
                14.889736942127524
            ],
            [
                0.0,
                0.0,
                0.0,
                1.0
            ]
        ],
        "K": [
            [
                480.0017864194184,
                0.0,
                640.0
            ],
            [
                0.0,
                480.0017864194184,
                360.0
            ],
            [
                0.0,
                0.0,
                1.0
            ]
        ]
    },
    "30": {
        "extrinsic": [
            [
                0.726293256213169,
                -0.01851628077801055,
                -0.6871355421788496,
                1.7341266043043801
            ],
            [
                0.08433947539937847,
                0.9944846247719067,
                0.06234728527880918,
                1.9058184014252901
            ],
            [
                0.682191291991205,
                -0.10323506399682941,
                0.7238491297866847,
                15.475677108624266
            ],
            [
                0.0,
                0.0,
                0.0,
                1.0
            ]
        ],
        "K": [
            [
                480.0017864194184,
                0.0,
                640.0
            ],
            [
                0.0,
                480.0017864194184,
                360.0
            ],
            [
                0.0,
                0.0,
                1.0
            ]
        ]
    },
    "31": {
        "extrinsic": [
            [
                0.5200112751075959,
                -0.006469367155803316,
                -0.854134896283705,
                1.7993129631053324
            ],
            [
                0.10480205099553136,
                0.9928990635366283,
                0.05628480909816094,
                1.9638914426567753
            ],
            [
                0.8477056115586956,
                -0.11878382430571005,
                0.5169967110293913,
                16.06313722679244
            ],
            [
                0.0,
                0.0,
                0.0,
                1.0
            ]
        ],
        "K": [
            [
                480.0017864194184,
                0.0,
                640.0
            ],
            [
                0.0,
                480.0017864194184,
                360.0
            ],
            [
                0.0,
                0.0,
                1.0
            ]
        ]
    }
}