{
    "0": {
        "extrinsic": [
            [
                0.9999999999999999,
                1.806862081839531e-19,
                6.492458992494058e-19,
                0.0
            ],
            [
                -2.529959065270731e-19,
                1.0,
                -5.336393973551495e-17,
                2.5650592760939616e-15
            ],
            [
                6.492558649840013e-19,
                1.0737169361384725e-18,
                1.0000000000000002,
                0.0
            ],
            [
                0.0,
                0.0,
                0.0,
                1.0
            ]
        ],
        "K": [
            [
                480.0017864194184,
                0.0,
                640.0
            ],
            [
                0.0,
                480.0017864194184,
                360.0
            ],
            [
                0.0,
                0.0,
                1.0
            ]
        ]
    },
    "1": {
        "extrinsic": [
            [
                0.9999961348567371,
                -0.000549735105416354,
                0.0027254472844646864,
                0.0
            ],
            [
                0.0005439853091542583,
                0.9999976260645628,
                0.0021099633224901057,
                2.5650592760939616e-15
            ],
            [
                -0.002726600735338309,
                -0.002108472563896015,
                0.9999940599782969,
                0.0
            ],
            [
                0.0,
                0.0,
                0.0,
                1.0
            ]
        ],
        "K": [
            [
                480.0017864194184,
                0.0,
                640.0
            ],
            [
                0.0,
                480.0017864194184,
                360.0
            ],
            [
                0.0,
                0.0,
                1.0
            ]
        ]
    },
    "2": {
        "extrinsic": [
            [
                0.9999999999999999,
                1.838527485623313e-19,
                -3.100471915387075e-19,
                2.6620863829066365e-05
            ],
            [
                -2.529959065270731e-19,
                0.9999805824162229,
                0.006231756615252941,
                -0.001654506786646607
            ],
            [
                6.492558649840013e-19,
                -0.0062317566152529915,
                0.999980582416223,
                0.008292833179833906
            ],
            [
                0.0,
                0.0,
                0.0,
                1.0
            ]
        ],
        "K": [
            [
                480.0017864194184,
                0.0,
                640.0
            ],
            [
                0.0,
                480.0017864194184,
                360.0
            ],
            [
                0.0,
                0.0,
                1.0
            ]
        ]
    },
    "3": {
        "extrinsic": [
            [
                0.9997992535282645,
                0.003920188557362311,
                -0.01964903982386383,
                0.0002510240549595437
            ],
            [
                -0.0039201885573623115,
                0.9999923152894981,
                3.8517836700162324e-05,
                -0.02463327098059475
            ],
            [
                0.01964903982386384,
                3.8517836700272276e-05,
                0.9998069382387667,
                0.12347450915761873
            ],
            [
                0.0,
                0.0,
                0.0,
                1.0
            ]
        ],
        "K": [
            [
                480.0017864194184,
                0.0,
                640.0
            ],
            [
                0.0,
                480.0017864194184,
                360.0
            ],
            [
                0.0,
                0.0,
                1.0
            ]
        ]
    },
    "4": {
        "extrinsic": [
            [
                0.9998952108809387,
                0.0027833640432425796,
                -0.01420634161091262,
                -0.0008966790865483744
            ],
            [
                -0.0028323799413904256,
                0.9999901017502048,
                -0.0034313299874519972,
                -0.0720088313299773
            ],
            [
                0.01419665035248711,
                0.0034712081784246344,
                0.9998931972128581,
                0.36818836192473464
            ],
            [
                0.0,
                0.0,
                0.0,
                1.0
            ]
        ],
        "K": [
            [
                480.0017864194184,
                0.0,
                640.0
            ],
            [
                0.0,
                480.0017864194184,
                360.0
            ],
            [
                0.0,
                0.0,
                1.0
            ]
        ]
    },
    "5": {
        "extrinsic": [
            [
                0.9998952108809387,
                0.0027833640432425796,
                -0.01420634161091262,
                -0.004557465469482849
            ],
            [
                -0.0028323799413904256,
                0.9999901017502048,
                -0.0034313299874519972,
                -0.142052433301471
            ],
            [
                0.01419665035248711,
                0.0034712081784246344,
                0.9998931972128581,
                0.7191294172820762
            ],
            [
                0.0,
                0.0,
                0.0,
                1.0
            ]
        ],
        "K": [
            [
                480.0017864194184,
                0.0,
                640.0
            ],
            [
                0.0,
                480.0017864194184,
                360.0
            ],
            [
                0.0,
                0.0,
                1.0
            ]
        ]
    },
    "6": {
        "extrinsic": [
            [
                0.9998952108809387,
                0.0027833640432425796,
                -0.01420634161091262,
                -0.009759257521927339
            ],
            [
                -0.0028323799413904256,
                0.9999901017502048,
                -0.0034313299874519972,
                -0.22679874380825943
            ],
            [
                0.01419665035248711,
                0.0034712081784246344,
                0.9998931972128581,
                1.1439007275666622
            ],
            [
                0.0,
                0.0,
                0.0,
                1.0
            ]
        ],
        "K": [
            [
                480.0017864194184,
                0.0,
                640.0
            ],
            [
                0.0,
                480.0017864194184,
                360.0
            ],
            [
                0.0,
                0.0,
                1.0
            ]
        ]
    },
    "7": {
        "extrinsic": [
            [
                0.9998952108809387,
                0.0027833640432425796,
                -0.01420634161091262,
                -0.01596990454184288
            ],
            [
                -0.0028323799413904256,
                0.9999901017502048,
                -0.0034313299874519972,
                -0.32121411180417564
            ],
            [
                0.01419665035248711,
                0.0034712081784246344,
                0.9998931972128581,
                1.6156008309665977
            ],
            [
                0.0,
                0.0,
                0.0,
                1.0
            ]
        ],
        "K": [
            [
                480.0017864194184,
                0.0,
                640.0
            ],
            [
                0.0,
                480.0017864194184,
                360.0
            ],
            [
                0.0,
                0.0,
                1.0
            ]
        ]
    },
    "8": {
        "extrinsic": [
            [
                0.9998952108809387,
                0.0027833640432425796,
                -0.01420634161091262,
                0.005681071805147894
            ],
            [
                -0.0028323799413904256,
                0.9999901017502048,
                -0.0034313299874519972,
                -0.43002799506487405
            ],
            [
                0.01419665035248711,
                0.0034712081784246344,
                0.9998931972128581,
                2.126177522704949
            ],
            [
                0.0,
                0.0,
                0.0,
                1.0
            ]
        ],
        "K": [
            [
                480.0017864194184,
                0.0,
                640.0
            ],
            [
                0.0,
                480.0017864194184,
                360.0
            ],
            [
                0.0,
                0.0,
                1.0
            ]
        ]
    },
    "9": {
        "extrinsic": [
            [
                0.9998952108809387,
                0.0027833640432425796,
                -0.01420634161091262,
                0.1387138215922432
            ],
            [
                -0.0028323799413904256,
                0.9999901017502048,
                -0.0034313299874519972,
                -0.5307151962011778
            ],
            [
                0.01419665035248711,
                0.0034712081784246344,
                0.9998931972128581,
                2.619913325828206
            ],
            [
                0.0,
                0.0,
                0.0,
                1.0
            ]
        ],
        "K": [
            [
                480.0017864194184,
                0.0,
                640.0
            ],
            [
                0.0,
                480.0017864194184,
                360.0
            ],
            [
                0.0,
                0.0,
                1.0
            ]
        ]
    },
    "10": {
        "extrinsic": [
            [
                0.9998270339691334,
                -0.0028030160618702825,
                0.018386006783480045,
                0.356396132846492
            ],
            [
                0.0036388690108629246,
                0.9989537613841507,
                -0.045586634541049685,
                -0.6185115725667888
            ],
            [
                -0.018238990564366727,
                0.0456456538721304,
                0.9987911761253097,
                3.0969339196355796
            ],
            [
                0.0,
                0.0,
                0.0,
                1.0
            ]
        ],
        "K": [
            [
                480.0017864194184,
                0.0,
                640.0
            ],
            [
                0.0,
                480.0017864194184,
                360.0
            ],
            [
                0.0,
                0.0,
                1.0
            ]
        ]
    },
    "11": {
        "extrinsic": [
            [
                0.9876192538997027,
                -0.01006968863143283,
                0.15654651288821586,
                0.6418526067705743
            ],
            [
                0.0306923259287662,
                0.9910541846898372,
                -0.12988296323168977,
                -0.6915108815011867
            ],
            [
                -0.15383819569819693,
                0.13307969183774088,
                0.9790932566230325,
                3.573467683707166
            ],
            [
                0.0,
                0.0,
                0.0,
                1.0
            ]
        ],
        "K": [
            [
                480.0017864194184,
                0.0,
                640.0
            ],
            [
                0.0,
                480.0017864194184,
                360.0
            ],
            [
                0.0,
                0.0,
                1.0
            ]
        ]
    },
    "12": {
        "extrinsic": [
            [
                0.982646166603868,
                -0.004854374937803099,
                0.18542639052380439,
                0.9754486548046366
            ],
            [
                0.03629193416809831,
                0.9853685345192291,
                -0.1665285161579399,
                -0.759612136153717
            ],
            [
                -0.1819049388363648,
                0.1703680903907479,
                0.9684447877930619,
                4.022125966396016
            ],
            [
                0.0,
                0.0,
                0.0,
                1.0
            ]
        ],
        "K": [
            [
                480.0017864194184,
                0.0,
                640.0
            ],
            [
                0.0,
                480.0017864194184,
                360.0
            ],
            [
                0.0,
                0.0,
                1.0
            ]
        ]
    },
    "13": {
        "extrinsic": [
            [
                0.9988001559191663,
                0.0030779709784971698,
                -0.048875092127839,
                1.3629084475043491
            ],
            [
                -0.009581574687221223,
                0.9910164528820129,
                -0.13339634006848305,
                -0.8313150085934341
            ],
            [
                0.04802543037144408,
                0.13370458560501466,
                0.9898568794658293,
                4.444169735114448
            ],
            [
                0.0,
                0.0,
                0.0,
                1.0
            ]
        ],
        "K": [
            [
                480.0017864194184,
                0.0,
                640.0
            ],
            [
                0.0,
                480.0017864194184,
                360.0
            ],
            [
                0.0,
                0.0,
                1.0
            ]
        ]
    },
    "14": {
        "extrinsic": [
            [
                0.9869641548996057,
                0.01043874379034353,
                -0.1606013373897825,
                1.7015891552968063
            ],
            [
                -0.03148867649198051,
                0.9911328146789596,
                -0.12908991796165392,
                -0.9363965440210421
            ],
            [
                0.15782971898882223,
                0.13246424534432946,
                0.9785412630590838,
                4.885581305708704
            ],
            [
                0.0,
                0.0,
                0.0,
                1.0
            ]
        ],
        "K": [
            [
                480.0017864194184,
                0.0,
                640.0
            ],
            [
                0.0,
                480.0017864194184,
                360.0
            ],
            [
                0.0,
                0.0,
                1.0
            ]
        ]
    },
    "15": {
        "extrinsic": [
            [
                0.9815995295090406,
                0.008034495978805204,
                -0.1907821022580381,
                1.9288373991196504
            ],
            [
                -0.037360459100355146,
                0.9878853272936803,
                -0.15062130066384632,
                -1.0449061109170215
            ],
            [
                0.1872606732964523,
                0.15497750479416253,
                0.9700079449387695,
                5.372471172795595
            ],
            [
                0.0,
                0.0,
                0.0,
                1.0
            ]
        ],
        "K": [
            [
                480.0017864194184,
                0.0,
                640.0
            ],
            [
                0.0,
                480.0017864194184,
                360.0
            ],
            [
                0.0,
                0.0,
                1.0
            ]
        ]
    },
    "16": {
        "extrinsic": [
            [
                0.9815995295090406,
                0.008034495978805204,
                -0.1907821022580381,
                2.1582093089036873
            ],
            [
                -0.037360459100355146,
                0.9878853272936803,
                -0.15062130066384632,
                -1.1578313760811991
            ],
            [
                0.1872606732964523,
                0.15497750479416253,
                0.9700079449387695,
                5.8809899023301195
            ],
            [
                0.0,
                0.0,
                0.0,
                1.0
            ]
        ],
        "K": [
            [
                480.0017864194184,
                0.0,
                640.0
            ],
            [
                0.0,
                480.0017864194184,
                360.0
            ],
            [
                0.0,
                0.0,
                1.0
            ]
        ]
    },
    "17": {
        "extrinsic": [
            [
                0.9815995295090406,
                0.008034495978805204,
                -0.1907821022580381,
                2.4179862839784336
            ],
            [
                -0.037360459100355146,
                0.9878853272936803,
                -0.15062130066384632,
                -1.2698125812714482
            ],
            [
                0.1872606732964523,
                0.15497750479416253,
                0.9700079449387695,
                6.380438095961807
            ],
            [
                0.0,
                0.0,
                0.0,
                1.0
            ]
        ],
        "K": [
            [
                480.0017864194184,
                0.0,
                640.0
            ],
            [
                0.0,
                480.0017864194184,
                360.0
            ],
            [
                0.0,
                0.0,
                1.0
            ]
        ]
    },
    "18": {
        "extrinsic": [
            [
                0.9815995295090406,
                0.008034495978805204,
                -0.1907821022580381,
                2.7047251331918547
            ],
            [
                -0.037360459100355146,
                0.9878853272936803,
                -0.15062130066384632,
                -1.366220144804908
            ],
            [
                0.1872606732964523,
                0.15497750479416253,
                0.9700079449387695,
                6.888268154554615
            ],
            [
                0.0,
                0.0,
                0.0,
                1.0
            ]
        ],
        "K": [
            [
                480.0017864194184,
                0.0,
                640.0
            ],
            [
                0.0,
                480.0017864194184,
                360.0
            ],
            [
                0.0,
                0.0,
                1.0
            ]
        ]
    },
    "19": {
        "extrinsic": [
            [
                0.9815995295090406,
                0.008034495978805204,
                -0.1907821022580381,
                3.005939599584558
            ],
            [
                -0.037360459100355146,
                0.9878853272936803,
                -0.15062130066384632,
                -1.4627453313502161
            ],
            [
                0.1872606732964523,
                0.15497750479416253,
                0.9700079449387695,
                7.3907487950884585
            ],
            [
                0.0,
                0.0,
                0.0,
                1.0
            ]
        ],
        "K": [
            [
                480.0017864194184,
                0.0,
                640.0
            ],
            [
                0.0,
                480.0017864194184,
                360.0
            ],
            [
                0.0,
                0.0,
                1.0
            ]
        ]
    },
    "20": {
        "extrinsic": [
            [
                0.9815995295090406,
                0.008034495978805204,
                -0.1907821022580381,
                3.316187538459869
            ],
            [
                -0.037360459100355146,
                0.9878853272936803,
                -0.15062130066384632,
                -1.5694812555962234
            ],
            [
                0.1872606732964523,
                0.15497750479416253,
                0.9700079449387695,
                7.8856706212985985
            ],
            [
                0.0,
                0.0,
                0.0,
                1.0
            ]
        ],
        "K": [
            [
                480.0017864194184,
                0.0,
                640.0
            ],
            [
                0.0,
                480.0017864194184,
                360.0
            ],
            [
                0.0,
                0.0,
                1.0
            ]
        ]
    },
    "21": {
        "extrinsic": [
            [
                0.9815995295090406,
                0.008034495978805204,
                -0.1907821022580381,
                3.632711537696654
            ],
            [
                -0.037360459100355146,
                0.9878853272936803,
                -0.15062130066384632,
                -1.6753667969490649
            ],
            [
                0.1872606732964523,
                0.15497750479416253,
                0.9700079449387695,
                8.376786488036208
            ],
            [
                0.0,
                0.0,
                0.0,
                1.0
            ]
        ],
        "K": [
            [
                480.0017864194184,
                0.0,
                640.0
            ],
            [
                0.0,
                480.0017864194184,
                360.0
            ],
            [
                0.0,
                0.0,
                1.0
            ]
        ]
    },
    "22": {
        "extrinsic": [
            [
                0.9815995295090406,
                0.008034495978805204,
                -0.1907821022580381,
                3.9563252227290517
            ],
            [
                -0.037360459100355146,
                0.9878853272936803,
                -0.15062130066384632,
                -1.7791006314029842
            ],
            [
                0.1872606732964523,
                0.15497750479416253,
                0.9700079449387695,
                8.869682919489806
            ],
            [
                0.0,
                0.0,
                0.0,
                1.0
            ]
        ],
        "K": [
            [
                480.0017864194184,
                0.0,
                640.0
            ],
            [
                0.0,
                480.0017864194184,
                360.0
            ],
            [
                0.0,
                0.0,
                1.0
            ]
        ]
    },
    "23": {
        "extrinsic": [
            [
                0.9815995295090406,
                0.008034495978805204,
                -0.1907821022580381,
                4.233667103294324
            ],
            [
                -0.037360459100355146,
                0.9878853272936803,
                -0.15062130066384632,
                -1.8971293668873674
            ],
            [
                0.1872606732964523,
                0.15497750479416253,
                0.9700079449387695,
                9.366523726538924
            ],
            [
                0.0,
                0.0,
                0.0,
                1.0
            ]
        ],
        "K": [
            [
                480.0017864194184,
                0.0,
                640.0
            ],
            [
                0.0,
                480.0017864194184,
                360.0
            ],
            [
                0.0,
                0.0,
                1.0
            ]
        ]
    },
    "24": {
        "extrinsic": [
            [
                0.9815995295090406,
                0.008034495978805204,
                -0.1907821022580381,
                4.398224812642683
            ],
            [
                -0.037360459100355146,
                0.9878853272936803,
                -0.15062130066384632,
                -2.022938442809018
            ],
            [
                0.1872606732964523,
                0.15497750479416253,
                0.9700079449387695,
                9.884888537603874
            ],
            [
                0.0,
                0.0,
                0.0,
                1.0
            ]
        ],
        "K": [
            [
                480.0017864194184,
                0.0,
                640.0
            ],
            [
                0.0,
                480.0017864194184,
                360.0
            ],
            [
                0.0,
                0.0,
                1.0
            ]
        ]
    },
    "25": {
        "extrinsic": [
            [
                0.9704028386875554,
                -0.01050802724395007,
                -0.24126315928996422,
                4.484782140642951
            ],
            [
                -0.04724896909182067,
                0.9714825314620973,
                -0.23235581762408145,
                -2.1574446686512254
            ],
            [
                0.23682454599744185,
                0.23687818056426313,
                0.9422329128117264,
                10.433047464132619
            ],
            [
                0.0,
                0.0,
                0.0,
                1.0
            ]
        ],
        "K": [
            [
                480.0017864194184,
                0.0,
                640.0
            ],
            [
                0.0,
                480.0017864194184,
                360.0
            ],
            [
                0.0,
                0.0,
                1.0
            ]
        ]
    },
    "26": {
        "extrinsic": [
            [
                0.9695635615570132,
                -0.01571657653647566,
                -0.2443347894239642,
                4.557245320575393
            ],
            [
                -0.047903992585843616,
                0.9664733161206657,
                -0.25225886846860124,
                -2.2721145927334327
            ],
            [
                0.2401076999915148,
                0.25628561888778845,
                0.9363044237618917,
                10.994669474620892
            ],
            [
                0.0,
                0.0,
                0.0,
                1.0
            ]
        ],
        "K": [
            [
                480.0017864194184,
                0.0,
                640.0
            ],
            [
                0.0,
                480.0017864194184,
                360.0
            ],
            [
                0.0,
                0.0,
                1.0
            ]
        ]
    },
    "27": {
        "extrinsic": [
            [
                0.9695635615570132,
                -0.01571657653647566,
                -0.2443347894239642,
                4.617026398036095
            ],
            [
                -0.047903992585843616,
                0.9664733161206657,
                -0.25225886846860124,
                -2.3799727112794034
            ],
            [
                0.2401076999915148,
                0.25628561888778845,
                0.9363044237618917,
                11.551766711587767
            ],
            [
                0.0,
                0.0,
                0.0,
                1.0
            ]
        ],
        "K": [
            [
                480.0017864194184,
                0.0,
                640.0
            ],
            [
                0.0,
                480.0017864194184,
                360.0
            ],
            [
                0.0,
                0.0,
                1.0
            ]
        ]
    },
    "28": {
        "extrinsic": [
            [
                0.9695635615570132,
                -0.01571657653647566,
                -0.2443347894239642,
                4.6171671055790355
            ],
            [
                -0.047903992585843616,
                0.9664733161206657,
                -0.25225886846860124,
                -2.491936644332732
            ],
            [
                0.2401076999915148,
                0.25628561888778845,
                0.9363044237618917,
                12.114892311079101
            ],
            [
                0.0,
                0.0,
                0.0,
                1.0
            ]
        ],
        "K": [
            [
                480.0017864194184,
                0.0,
                640.0
            ],
            [
                0.0,
                480.0017864194184,
                360.0
            ],
            [
                0.0,
                0.0,
                1.0
            ]
        ]
    },
    "29": {
        "extrinsic": [
            [
                0.9695635615570132,
                -0.01571657653647566,
                -0.2443347894239642,
                4.573234048167186
            ],
            [
                -0.047903992585843616,
                0.9664733161206657,
                -0.25225886846860124,
                -2.6129394204769993
            ],
            [
                0.2401076999915148,
                0.25628561888778845,
                0.9363044237618917,
                12.70555351240202
            ],
            [
                0.0,
                0.0,
                0.0,
                1.0
            ]
        ],
        "K": [
            [
                480.0017864194184,
                0.0,
                640.0
            ],
            [
                0.0,
                480.0017864194184,
                360.0
            ],
            [
                0.0,
                0.0,
                1.0
            ]
        ]
    },
    "30": {
        "extrinsic": [
            [
                0.9695635615570132,
                -0.01571657653647566,
                -0.2443347894239642,
                4.499824662556063
            ],
            [
                -0.047903992585843616,
                0.9664733161206657,
                -0.25225886846860124,
                -2.732172466410914
            ],
            [
                0.2401076999915148,
                0.25628561888778845,
                0.9363044237618917,
                13.277422347518163
            ],
            [
                0.0,
                0.0,
                0.0,
                1.0
            ]
        ],
        "K": [
            [
                480.0017864194184,
                0.0,
                640.0
            ],
            [
                0.0,
                480.0017864194184,
                360.0
            ],
            [
                0.0,
                0.0,
                1.0
            ]
        ]
    },
    "31": {
        "extrinsic": [
            [
                0.9695635615570132,
                -0.01571657653647566,
                -0.2443347894239642,
                4.409273217483805
            ],
            [
                -0.047903992585843616,
                0.9664733161206657,
                -0.25225886846860124,
                -2.849400133810501
            ],
            [
                0.2401076999915148,
                0.25628561888778845,
                0.9363044237618917,
                13.83348445038849
            ],
            [
                0.0,
                0.0,
                0.0,
                1.0
            ]
        ],
        "K": [
            [
                480.0017864194184,
                0.0,
                640.0
            ],
            [
                0.0,
                480.0017864194184,
                360.0
            ],
            [
                0.0,
                0.0,
                1.0
            ]
        ]
    }
}