{
    "0": {
        "extrinsic": [
            [
                1.0,
                2.338093778675218e-19,
                6.563004009959326e-17,
                -6.555455752148217e-16
            ],
            [
                -3.2356375740860924e-18,
                0.9999999999999999,
                1.2813992486781706e-17,
                -6.555455752148217e-16
            ],
            [
                -1.7636686747293487e-17,
                -1.9643358304434775e-19,
                1.0,
                0.0
            ],
            [
                0.0,
                0.0,
                0.0,
                1.0
            ]
        ],
        "K": [
            [
                480.0017864194184,
                0.0,
                640.0
            ],
            [
                0.0,
                480.0017864194184,
                360.0
            ],
            [
                0.0,
                0.0,
                1.0
            ]
        ]
    },
    "1": {
        "extrinsic": [
            [
                1.0,
                2.338093778675218e-19,
                6.563004009959326e-17,
                3.35590084682014e-07
            ],
            [
                -3.2356375740860924e-18,
                0.9999999999999999,
                1.2813992486781706e-17,
                0.00020932899645926054
            ],
            [
                -1.7636686747293487e-17,
                -1.9643358304434775e-19,
                1.0,
                0.0017534226986458535
            ],
            [
                0.0,
                0.0,
                0.0,
                1.0
            ]
        ],
        "K": [
            [
                480.0017864194184,
                0.0,
                640.0
            ],
            [
                0.0,
                480.0017864194184,
                360.0
            ],
            [
                0.0,
                0.0,
                1.0
            ]
        ]
    },
    "2": {
        "extrinsic": [
            [
                1.0,
                2.338093778675218e-19,
                6.563004009959326e-17,
                9.037869410356903e-07
            ],
            [
                -3.2356375740860924e-18,
                0.9999999999999999,
                1.2813992486781706e-17,
                0.0025692043549651947
            ],
            [
                -1.7636686747293487e-17,
                -1.9643358304434775e-19,
                1.0,
                0.021517106389568448
            ],
            [
                0.0,
                0.0,
                0.0,
                1.0
            ]
        ],
        "K": [
            [
                480.0017864194184,
                0.0,
                640.0
            ],
            [
                0.0,
                480.0017864194184,
                360.0
            ],
            [
                0.0,
                0.0,
                1.0
            ]
        ]
    },
    "3": {
        "extrinsic": [
            [
                1.0,
                2.338093778675218e-19,
                6.563004009959326e-17,
                1.7292122957858119e-06
            ],
            [
                -3.2356375740860924e-18,
                0.9999999999999999,
                1.2813992486781706e-17,
                0.007350932751225125
            ],
            [
                -1.7636686747293487e-17,
                -1.9643358304434775e-19,
                1.0,
                0.06156443333471775
            ],
            [
                0.0,
                0.0,
                0.0,
                1.0
            ]
        ],
        "K": [
            [
                480.0017864194184,
                0.0,
                640.0
            ],
            [
                0.0,
                480.0017864194184,
                360.0
            ],
            [
                0.0,
                0.0,
                1.0
            ]
        ]
    },
    "4": {
        "extrinsic": [
            [
                1.0,
                2.338093778675218e-19,
                6.563004009959326e-17,
                3.314384276288352e-06
            ],
            [
                -3.2356375740860924e-18,
                0.9999999999999999,
                1.2813992486781706e-17,
                0.013972650248027857
            ],
            [
                -1.7636686747293487e-17,
                -1.9643358304434775e-19,
                1.0,
                0.117022550077105
            ],
            [
                0.0,
                0.0,
                0.0,
                1.0
            ]
        ],
        "K": [
            [
                480.0017864194184,
                0.0,
                640.0
            ],
            [
                0.0,
                480.0017864194184,
                360.0
            ],
            [
                0.0,
                0.0,
                1.0
            ]
        ]
    },
    "5": {
        "extrinsic": [
            [
                1.0,
                2.338093778675218e-19,
                6.563004009959326e-17,
                5.317216288767272e-06
            ],
            [
                -3.2356375740860924e-18,
                0.9999999999999999,
                1.2813992486781706e-17,
                0.02191466346670147
            ],
            [
                -1.7636686747293487e-17,
                -1.9643358304434775e-19,
                1.0,
                0.18354012285333
            ],
            [
                0.0,
                0.0,
                0.0,
                1.0
            ]
        ],
        "K": [
            [
                480.0017864194184,
                0.0,
                640.0
            ],
            [
                0.0,
                480.0017864194184,
                360.0
            ],
            [
                0.0,
                0.0,
                1.0
            ]
        ]
    },
    "6": {
        "extrinsic": [
            [
                1.0,
                2.338093778675218e-19,
                6.563004009959326e-17,
                8.272820033180564e-06
            ],
            [
                -3.2356375740860924e-18,
                0.9999999999999999,
                1.2813992486781706e-17,
                0.03080461523826219
            ],
            [
                -1.7636686747293487e-17,
                -1.9643358304434775e-19,
                1.0,
                0.2579948562143907
            ],
            [
                0.0,
                0.0,
                0.0,
                1.0
            ]
        ],
        "K": [
            [
                480.0017864194184,
                0.0,
                640.0
            ],
            [
                0.0,
                480.0017864194184,
                360.0
            ],
            [
                0.0,
                0.0,
                1.0
            ]
        ]
    },
    "7": {
        "extrinsic": [
            [
                1.0,
                2.338093778675218e-19,
                6.563004009959326e-17,
                1.0410381951966671e-05
            ],
            [
                -3.2356375740860924e-18,
                0.9999999999999999,
                1.2813992486781706e-17,
                0.04041216906640658
            ],
            [
                -1.7636686747293487e-17,
                -1.9643358304434775e-19,
                1.0,
                0.3381364061983373
            ],
            [
                0.0,
                0.0,
                0.0,
                1.0
            ]
        ],
        "K": [
            [
                480.0017864194184,
                0.0,
                640.0
            ],
            [
                0.0,
                480.0017864194184,
                360.0
            ],
            [
                0.0,
                0.0,
                1.0
            ]
        ]
    },
    "8": {
        "extrinsic": [
            [
                1.0,
                2.338093778675218e-19,
                6.563004009959326e-17,
                1.2742518133394074e-05
            ],
            [
                -3.2356375740860924e-18,
                0.9999999999999999,
                1.2813992486781706e-17,
                0.05074777753898493
            ],
            [
                -1.7636686747293487e-17,
                -1.9643358304434775e-19,
                1.0,
                0.42233687653958263
            ],
            [
                0.0,
                0.0,
                0.0,
                1.0
            ]
        ],
        "K": [
            [
                480.0017864194184,
                0.0,
                640.0
            ],
            [
                0.0,
                480.0017864194184,
                360.0
            ],
            [
                0.0,
                0.0,
                1.0
            ]
        ]
    },
    "9": {
        "extrinsic": [
            [
                1.0,
                2.338093778675218e-19,
                6.563004009959326e-17,
                1.5570091632201323e-05
            ],
            [
                -3.2356375740860924e-18,
                0.9999999999999999,
                1.2813992486781706e-17,
                0.061442074799705294
            ],
            [
                -1.7636686747293487e-17,
                -1.9643358304434775e-19,
                1.0,
                0.5094716365857405
            ],
            [
                0.0,
                0.0,
                0.0,
                1.0
            ]
        ],
        "K": [
            [
                480.0017864194184,
                0.0,
                640.0
            ],
            [
                0.0,
                480.0017864194184,
                360.0
            ],
            [
                0.0,
                0.0,
                1.0
            ]
        ]
    },
    "10": {
        "extrinsic": [
            [
                1.0,
                2.338093778675218e-19,
                6.563004009959326e-17,
                1.9151547619050553e-05
            ],
            [
                -3.2356375740860924e-18,
                0.9999999999999999,
                1.2813992486781706e-17,
                0.07205359117829206
            ],
            [
                -1.7636686747293487e-17,
                -1.9643358304434775e-19,
                1.0,
                0.5986173455588403
            ],
            [
                0.0,
                0.0,
                0.0,
                1.0
            ]
        ],
        "K": [
            [
                480.0017864194184,
                0.0,
                640.0
            ],
            [
                0.0,
                480.0017864194184,
                360.0
            ],
            [
                0.0,
                0.0,
                1.0
            ]
        ]
    },
    "11": {
        "extrinsic": [
            [
                1.0,
                2.338093778675218e-19,
                6.563004009959326e-17,
                2.290594744150864e-05
            ],
            [
                -3.2356375740860924e-18,
                0.9999999999999999,
                1.2813992486781706e-17,
                0.08264320683999639
            ],
            [
                -1.7636686747293487e-17,
                -1.9643358304434775e-19,
                1.0,
                0.6880936169732896
            ],
            [
                0.0,
                0.0,
                0.0,
                1.0
            ]
        ],
        "K": [
            [
                480.0017864194184,
                0.0,
                640.0
            ],
            [
                0.0,
                480.0017864194184,
                360.0
            ],
            [
                0.0,
                0.0,
                1.0
            ]
        ]
    },
    "12": {
        "extrinsic": [
            [
                1.0,
                2.338093778675218e-19,
                6.563004009959326e-17,
                0.0014258194475153156
            ],
            [
                -3.2356375740860924e-18,
                0.9999999999999999,
                1.2813992486781706e-17,
                0.09292349970322802
            ],
            [
                -1.7636686747293487e-17,
                -1.9643358304434775e-19,
                1.0,
                0.7771288447553175
            ],
            [
                0.0,
                0.0,
                0.0,
                1.0
            ]
        ],
        "K": [
            [
                480.0017864194184,
                0.0,
                640.0
            ],
            [
                0.0,
                480.0017864194184,
                360.0
            ],
            [
                0.0,
                0.0,
                1.0
            ]
        ]
    },
    "13": {
        "extrinsic": [
            [
                1.0,
                2.338093778675218e-19,
                6.563004009959326e-17,
                0.01665030257460448
            ],
            [
                -3.2356375740860924e-18,
                0.9999999999999999,
                1.2813992486781706e-17,
                0.1031703006851766
            ],
            [
                -1.7636686747293487e-17,
                -1.9643358304434775e-19,
                1.0,
                0.8615876787853827
            ],
            [
                0.0,
                0.0,
                0.0,
                1.0
            ]
        ],
        "K": [
            [
                480.0017864194184,
                0.0,
                640.0
            ],
            [
                0.0,
                480.0017864194184,
                360.0
            ],
            [
                0.0,
                0.0,
                1.0
            ]
        ]
    },
    "14": {
        "extrinsic": [
            [
                1.0,
                2.338093778675218e-19,
                6.563004009959326e-17,
                0.030986081166949325
            ],
            [
                -3.2356375740860924e-18,
                0.9999999999999999,
                1.2813992486781706e-17,
                0.11368292327757293
            ],
            [
                -1.7636686747293487e-17,
                -1.9643358304434775e-19,
                1.0,
                0.9474924512313545
            ],
            [
                0.0,
                0.0,
                0.0,
                1.0
            ]
        ],
        "K": [
            [
                480.0017864194184,
                0.0,
                640.0
            ],
            [
                0.0,
                480.0017864194184,
                360.0
            ],
            [
                0.0,
                0.0,
                1.0
            ]
        ]
    },
    "15": {
        "extrinsic": [
            [
                1.0,
                2.338093778675218e-19,
                6.563004009959326e-17,
                0.04127224366542705
            ],
            [
                -3.2356375740860924e-18,
                0.9999999999999999,
                1.2813992486781706e-17,
                0.12441363101867114
            ],
            [
                -1.7636686747293487e-17,
                -1.9643358304434775e-19,
                1.0,
                1.0358295755700688
            ],
            [
                0.0,
                0.0,
                0.0,
                1.0
            ]
        ],
        "K": [
            [
                480.0017864194184,
                0.0,
                640.0
            ],
            [
                0.0,
                480.0017864194184,
                360.0
            ],
            [
                0.0,
                0.0,
                1.0
            ]
        ]
    },
    "16": {
        "extrinsic": [
            [
                1.0,
                2.338093778675218e-19,
                6.563004009959326e-17,
                0.04857007788074957
            ],
            [
                -3.2356375740860924e-18,
                0.9999999999999999,
                1.2813992486781706e-17,
                0.13518813239145563
            ],
            [
                -1.7636686747293487e-17,
                -1.9643358304434775e-19,
                1.0,
                1.12497987695748
            ],
            [
                0.0,
                0.0,
                0.0,
                1.0
            ]
        ],
        "K": [
            [
                480.0017864194184,
                0.0,
                640.0
            ],
            [
                0.0,
                480.0017864194184,
                360.0
            ],
            [
                0.0,
                0.0,
                1.0
            ]
        ]
    },
    "17": {
        "extrinsic": [
            [
                1.0,
                2.338093778675218e-19,
                6.563004009959326e-17,
                0.05431529138208423
            ],
            [
                -3.2356375740860924e-18,
                0.9999999999999999,
                1.2813992486781706e-17,
                0.14599394618581776
            ],
            [
                -1.7636686747293487e-17,
                -1.9643358304434775e-19,
                1.0,
                1.2140736643528747
            ],
            [
                0.0,
                0.0,
                0.0,
                1.0
            ]
        ],
        "K": [
            [
                480.0017864194184,
                0.0,
                640.0
            ],
            [
                0.0,
                480.0017864194184,
                360.0
            ],
            [
                0.0,
                0.0,
                1.0
            ]
        ]
    },
    "18": {
        "extrinsic": [
            [
                1.0,
                2.338093778675218e-19,
                6.563004009959326e-17,
                0.07237089087111187
            ],
            [
                -3.2356375740860924e-18,
                0.9999999999999999,
                1.2813992486781706e-17,
                0.15801421278735214
            ],
            [
                -1.7636686747293487e-17,
                -1.9643358304434775e-19,
                1.0,
                1.2984005278643287
            ],
            [
                0.0,
                0.0,
                0.0,
                1.0
            ]
        ],
        "K": [
            [
                480.0017864194184,
                0.0,
                640.0
            ],
            [
                0.0,
                480.0017864194184,
                360.0
            ],
            [
                0.0,
                0.0,
                1.0
            ]
        ]
    },
    "19": {
        "extrinsic": [
            [
                1.0,
                2.338093778675218e-19,
                6.563004009959326e-17,
                0.09219830779695848
            ],
            [
                -3.2356375740860924e-18,
                0.9999999999999999,
                1.2813992486781706e-17,
                0.1700155493075901
            ],
            [
                -1.7636686747293487e-17,
                -1.9643358304434775e-19,
                1.0,
                1.3827463777127633
            ],
            [
                0.0,
                0.0,
                0.0,
                1.0
            ]
        ],
        "K": [
            [
                480.0017864194184,
                0.0,
                640.0
            ],
            [
                0.0,
                480.0017864194184,
                360.0
            ],
            [
                0.0,
                0.0,
                1.0
            ]
        ]
    },
    "20": {
        "extrinsic": [
            [
                0.9997631875928209,
                -0.0026100104644719863,
                -0.021604549974887106,
                0.10642838216680285
            ],
            [
                0.0026700682973408406,
                0.9999926499910087,
                0.0027514903683486655,
                0.1823938437741539
            ],
            [
                0.021597209762596284,
                -0.0028085244052574545,
                0.9997628082305999,
                1.4699233035648331
            ],
            [
                0.0,
                0.0,
                0.0,
                1.0
            ]
        ],
        "K": [
            [
                480.0017864194184,
                0.0,
                640.0
            ],
            [
                0.0,
                480.0017864194184,
                360.0
            ],
            [
                0.0,
                0.0,
                1.0
            ]
        ]
    },
    "21": {
        "extrinsic": [
            [
                0.9455761323010169,
                -0.02493347726158406,
                -0.32444429373051975,
                0.11785217843815704
            ],
            [
                0.03992543672475984,
                0.9984163570351096,
                0.039632530919403636,
                0.1936067518203402
            ],
            [
                0.32294231299875664,
                -0.05042915542011741,
                0.9450741572800658,
                1.5583242661491306
            ],
            [
                0.0,
                0.0,
                0.0,
                1.0
            ]
        ],
        "K": [
            [
                480.0017864194184,
                0.0,
                640.0
            ],
            [
                0.0,
                480.0017864194184,
                360.0
            ],
            [
                0.0,
                0.0,
                1.0
            ]
        ]
    },
    "22": {
        "extrinsic": [
            [
                0.8249687890664248,
                -0.023401569275093743,
                -0.5646936015413488,
                0.13840256540288656
            ],
            [
                0.06934518782282464,
                0.9957842826927745,
                0.06004087997234429,
                0.20423865672269442
            ],
            [
                0.5609079621400411,
                -0.08869063590649956,
                0.8231137400811669,
                1.6443218717462567
            ],
            [
                0.0,
                0.0,
                0.0,
                1.0
            ]
        ],
        "K": [
            [
                480.0017864194184,
                0.0,
                640.0
            ],
            [
                0.0,
                480.0017864194184,
                360.0
            ],
            [
                0.0,
                0.0,
                1.0
            ]
        ]
    },
    "23": {
        "extrinsic": [
            [
                0.7811564062914282,
                -0.016578552294735396,
                -0.6241152301567972,
                0.16152887866782203
            ],
            [
                0.07660353421614265,
                0.9946393893740894,
                0.06945778322934316,
                0.21371178735256968
            ],
            [
                0.619618081930682,
                -0.10206682472453468,
                0.7782389066573283,
                1.7308612490186603
            ],
            [
                0.0,
                0.0,
                0.0,
                1.0
            ]
        ],
        "K": [
            [
                480.0017864194184,
                0.0,
                640.0
            ],
            [
                0.0,
                480.0017864194184,
                360.0
            ],
            [
                0.0,
                0.0,
                1.0
            ]
        ]
    },
    "24": {
        "extrinsic": [
            [
                0.7807372285720945,
                -0.01617325996871276,
                -0.6246501465488897,
                0.1817154759912178
            ],
            [
                0.07666784004091594,
                0.9945912199122218,
                0.0700738722847445,
                0.22288770953315004
            ],
            [
                0.620138228320933,
                -0.10259985836005131,
                0.7777543615046282,
                1.8181963317620524
            ],
            [
                0.0,
                0.0,
                0.0,
                1.0
            ]
        ],
        "K": [
            [
                480.0017864194184,
                0.0,
                640.0
            ],
            [
                0.0,
                480.0017864194184,
                360.0
            ],
            [
                0.0,
                0.0,
                1.0
            ]
        ]
    },
    "25": {
        "extrinsic": [
            [
                0.7833662107766197,
                -0.01608787057453687,
                -0.6213522030490095,
                0.19890706103105726
            ],
            [
                0.07626305953120223,
                0.9945995688976768,
                0.07039633015644685,
                0.23276759977490863
            ],
            [
                0.6168641062376874,
                -0.10253232645820592,
                0.7803626057587888,
                1.9060882253771028
            ],
            [
                0.0,
                0.0,
                0.0,
                1.0
            ]
        ],
        "K": [
            [
                480.0017864194184,
                0.0,
                640.0
            ],
            [
                0.0,
                480.0017864194184,
                360.0
            ],
            [
                0.0,
                0.0,
                1.0
            ]
        ]
    },
    "26": {
        "extrinsic": [
            [
                0.7809768017677537,
                -0.015746493380198727,
                -0.6243615002919686,
                0.21403545701147808
            ],
            [
                0.07663109808175969,
                0.9945447092998301,
                0.07077072848642885,
                0.24525895770993414
            ],
            [
                0.6198410359982586,
                -0.10311580455945375,
                0.7779230173626835,
                1.994039128127796
            ],
            [
                0.0,
                0.0,
                0.0,
                1.0
            ]
        ],
        "K": [
            [
                480.0017864194184,
                0.0,
                640.0
            ],
            [
                0.0,
                480.0017864194184,
                360.0
            ],
            [
                0.0,
                0.0,
                1.0
            ]
        ]
    },
    "27": {
        "extrinsic": [
            [
                0.7779136521176921,
                -0.015180095038062547,
                -0.6281878019856401,
                0.22774931513446817
            ],
            [
                0.07709871201201886,
                0.9944604411964725,
                0.07144382059635988,
                0.25777597176353684
            ],
            [
                0.6236233947303468,
                -0.10400959383610951,
                0.7747747194733741,
                2.082214764362088
            ],
            [
                0.0,
                0.0,
                0.0,
                1.0
            ]
        ],
        "K": [
            [
                480.0017864194184,
                0.0,
                640.0
            ],
            [
                0.0,
                480.0017864194184,
                360.0
            ],
            [
                0.0,
                0.0,
                1.0
            ]
        ]
    },
    "28": {
        "extrinsic": [
            [
                0.7785759070591249,
                -0.014739227591645617,
                -0.6273773283416149,
                0.24031389442563056
            ],
            [
                0.076998009631127,
                0.9944141785712511,
                0.07219243706447573,
                0.269189956215419
            ],
            [
                0.6228088498567643,
                -0.10451409774028139,
                0.7753618122616235,
                2.170696085339387
            ],
            [
                0.0,
                0.0,
                0.0,
                1.0
            ]
        ],
        "K": [
            [
                480.0017864194184,
                0.0,
                640.0
            ],
            [
                0.0,
                480.0017864194184,
                360.0
            ],
            [
                0.0,
                0.0,
                1.0
            ]
        ]
    },
    "29": {
        "extrinsic": [
            [
                0.7783953779221492,
                -0.014503803412853815,
                -0.6276067839945612,
                0.2520257326783194
            ],
            [
                0.0770254824145282,
                0.9943859082471147,
                0.07255164049399263,
                0.27965392654187216
            ],
            [
                0.6230310671934777,
                -0.10481557692500497,
                0.7751425573051931,
                2.259415648918924
            ],
            [
                0.0,
                0.0,
                0.0,
                1.0
            ]
        ],
        "K": [
            [
                480.0017864194184,
                0.0,
                640.0
            ],
            [
                0.0,
                480.0017864194184,
                360.0
            ],
            [
                0.0,
                0.0,
                1.0
            ]
        ]
    },
    "30": {
        "extrinsic": [
            [
                0.726293256213169,
                -0.01851628077801055,
                -0.6871355421788496,
                0.2631418407323528
            ],
            [
                0.08433947539937847,
                0.9944846247719067,
                0.06234728527880918,
                0.2891948955790403
            ],
            [
                0.682191291991205,
                -0.10323506399682941,
                0.7238491297866847,
                2.348328057960029
            ],
            [
                0.0,
                0.0,
                0.0,
                1.0
            ]
        ],
        "K": [
            [
                480.0017864194184,
                0.0,
                640.0
            ],
            [
                0.0,
                480.0017864194184,
                360.0
            ],
            [
                0.0,
                0.0,
                1.0
            ]
        ]
    },
    "31": {
        "extrinsic": [
            [
                0.5200112751075959,
                -0.006469367155803316,
                -0.854134896283705,
                0.2730334244281136
            ],
            [
                0.10480205099553136,
                0.9928990635366283,
                0.05628480909816094,
                0.2980070820299302
            ],
            [
                0.8477056115586956,
                -0.11878382430571005,
                0.5169967110293913,
                2.4374711092620003
            ],
            [
                0.0,
                0.0,
                0.0,
                1.0
            ]
        ],
        "K": [
            [
                480.0017864194184,
                0.0,
                640.0
            ],
            [
                0.0,
                480.0017864194184,
                360.0
            ],
            [
                0.0,
                0.0,
                1.0
            ]
        ]
    }
}